led,t,deltat,AcX,AcY,AcZ,GravX,GravY,GravZ,QuatW,QuatX,QuatY,QuatZ,OrX,OrY,OrZ,GyX,GyY,GyZ
0,2050,50,0.01,0.02,-0.40,-0.08,-0.39,9.79,0.99976,-0.02039,0.00433,0.00024,359.94,-0.44,2.31,0.00,0.00,-0.00
0,2100,50,0.00,0.01,-0.40,-0.08,-0.39,9.79,0.99976,-0.02039,0.00433,0.00024,359.94,-0.44,2.31,-0.00,-0.00,0.00
0,2150,50,0.00,0.02,-0.39,-0.08,-0.39,9.79,0.99976,-0.02039,0.00433,0.00024,359.94,-0.44,2.31,0.00,0.00,-0.00
0,2200,50,0.00,0.03,-0.42,-0.08,-0.39,9.79,0.99976,-0.02039,0.00433,0.00024,359.94,-0.44,2.31,-0.00,-0.01,-0.00
0,2250,50,0.01,0.04,-0.39,-0.08,-0.39,9.79,0.99976,-0.02039,0.00433,0.00024,359.94,-0.44,2.31,0.00,0.00,0.00
0,2300,50,0.00,0.01,-0.39,-0.08,-0.39,9.79,0.99976,-0.02039,0.00433,0.00024,359.94,-0.44,2.31,-0.00,-0.00,-0.00
0,2350,50,0.00,0.04,-0.39,-0.08,-0.39,9.79,0.99976,-0.02039,0.00433,0.00024,359.94,-0.44,2.31,0.00,-0.00,-0.00
0,2400,50,0.03,0.01,-0.40,-0.08,-0.39,9.79,0.99976,-0.02039,0.00433,0.00024,359.94,-0.44,2.31,-0.00,0.00,-0.00
0,2450,50,0.00,0.03,-0.39,-0.08,-0.39,9.79,0.99976,-0.02039,0.00433,0.00024,359.94,-0.44,2.31,0.00,0.00,0.00
0,2500,50,0.01,0.03,-0.39,-0.08,-0.39,9.79,0.99976,-0.02039,0.00433,0.00024,359.94,-0.44,2.31,-0.00,0.01,-0.00
0,2550,50,0.00,0.03,-0.40,-0.08,-0.39,9.79,0.99976,-0.02039,0.00433,0.00024,359.94,-0.44,2.31,-0.00,-0.00,-0.00
0,2600,50,0.03,0.01,-0.42,-0.08,-0.39,9.79,0.99976,-0.02039,0.00433,0.00024,359.94,-0.44,2.31,0.00,-0.00,-0.00
0,2650,50,0.01,0.01,-0.42,-0.08,-0.39,9.79,0.99976,-0.02039,0.00433,0.00024,359.94,-0.44,2.31,0.00,0.00,0.00
0,2700,50,0.01,0.02,-0.39,-0.08,-0.39,9.79,0.99976,-0.02039,0.00433,0.00024,359.94,-0.44,2.31,0.00,0.00,0.00
0,2750,50,0.03,0.03,-0.43,-0.08,-0.39,9.79,0.99976,-0.02039,0.00433,0.00024,359.94,-0.44,2.31,0.00,-0.00,0.00
0,2800,50,0.01,0.00,-0.39,-0.08,-0.39,9.79,0.99976,-0.02039,0.00433,0.00024,359.94,-0.44,2.31,-0.00,-0.00,-0.00
0,2850,50,0.00,0.00,-0.40,-0.08,-0.39,9.79,0.99976,-0.02039,0.00433,0.00024,359.94,-0.44,2.31,-0.00,0.00,0.00
0,2900,50,0.01,0.02,-0.39,-0.08,-0.39,9.79,0.99976,-0.02039,0.00433,0.00024,359.94,-0.44,2.31,0.00,0.00,0.00
0,2950,50,0.00,0.02,-0.40,-0.08,-0.39,9.79,0.99976,-0.02039,0.00433,0.00024,359.94,-0.44,2.31,-0.00,-0.00,-0.00
0,3000,50,0.00,0.02,-0.41,-0.08,-0.39,9.79,0.99976,-0.02039,0.00433,0.00024,359.94,-0.44,2.31,-0.00,-0.00,0.00
0,3050,50,0.00,0.04,-0.41,-0.08,-0.39,9.79,0.99976,-0.02039,0.00433,0.00024,359.94,-0.44,2.31,-0.00,0.00,0.00
0,3100,50,0.02,0.02,-0.38,-0.08,-0.39,9.79,0.99976,-0.02039,0.00433,0.00024,359.94,-0.44,2.31,0.00,0.00,-0.00
0,3150,50,0.00,0.01,-0.39,-0.08,-0.39,9.79,0.99976,-0.02039,0.00433,0.00024,359.94,-0.44,2.31,-0.00,-0.00,0.00
0,3200,50,0.00,0.02,-0.42,-0.08,-0.39,9.79,0.99976,-0.02039,0.00433,0.00024,359.94,-0.44,2.31,0.01,0.00,-0.00
0,3250,50,0.01,0.00,-0.45,-0.08,-0.39,9.79,0.99976,-0.02039,0.00433,0.00024,359.94,-0.44,2.31,-0.00,0.00,0.00
0,3300,50,0.01,0.04,-0.41,-0.08,-0.39,9.79,0.99976,-0.02039,0.00433,0.00024,359.94,-0.44,2.31,-0.00,-0.00,0.00
0,3350,50,-0.01,0.00,-0.41,-0.08,-0.39,9.79,0.99976,-0.02039,0.00433,0.00024,359.94,-0.44,2.31,-0.00,-0.00,0.00
0,3400,50,0.03,0.04,-0.43,-0.08,-0.39,9.79,0.99976,-0.02039,0.00433,0.00024,359.94,-0.44,2.31,-0.00,0.01,0.00
0,3450,50,0.01,0.01,-0.41,-0.08,-0.39,9.79,0.99976,-0.02039,0.00433,0.00024,359.94,-0.44,2.31,0.00,0.00,0.00
0,3500,50,0.00,0.04,-0.38,-0.08,-0.39,9.79,0.99976,-0.02039,0.00433,0.00024,359.94,-0.44,2.31,0.00,0.00,0.00
0,3550,50,0.00,0.03,-0.41,-0.08,-0.39,9.79,0.99976,-0.02039,0.00433,0.00024,359.94,-0.44,2.31,0.00,0.00,0.00
0,3600,50,0.00,0.02,-0.41,-0.08,-0.39,9.79,0.99976,-0.02039,0.00433,0.00024,359.94,-0.44,2.31,-0.00,-0.00,0.00
0,3650,50,0.02,0.01,-0.40,-0.08,-0.39,9.79,0.99976,-0.02039,0.00433,0.00024,359.94,-0.44,2.31,-0.00,0.00,-0.00
0,3700,50,0.02,0.02,-0.40,-0.08,-0.39,9.79,0.99976,-0.02039,0.00433,0.00024,359.94,-0.44,2.31,-0.00,-0.00,-0.00
0,3750,50,0.00,0.00,-0.39,-0.08,-0.39,9.79,0.99976,-0.02039,0.00433,0.00024,359.94,-0.44,2.31,0.00,0.00,0.00
0,3800,50,0.00,0.03,-0.40,-0.08,-0.39,9.79,0.99976,-0.02039,0.00433,0.00024,359.94,-0.44,2.31,-0.01,-0.00,-0.00
0,3850,50,0.01,0.03,-0.39,-0.08,-0.39,9.79,0.99976,-0.02039,0.00433,0.00024,359.94,-0.44,2.31,0.00,0.00,0.00
0,3900,50,0.01,0.01,-0.40,-0.08,-0.39,9.79,0.99976,-0.02039,0.00433,0.00024,359.94,-0.44,2.31,0.01,0.01,0.00
0,3950,50,0.00,0.00,-0.38,-0.08,-0.39,9.79,0.99976,-0.02039,0.00433,0.00024,359.94,-0.44,2.31,-0.00,-0.00,0.00
0,4000,50,0.01,0.03,-0.42,-0.08,-0.39,9.79,0.99976,-0.02039,0.00433,0.00024,359.94,-0.44,2.31,-0.00,-0.00,0.00
0,4050,50,0.00,0.00,-0.38,-0.08,-0.39,9.79,0.99976,-0.02039,0.00433,0.00024,359.94,-0.44,2.31,0.00,0.00,0.00
0,4100,50,0.00,0.01,-0.40,-0.08,-0.39,9.79,0.99976,-0.02039,0.00433,0.00024,359.94,-0.44,2.31,0.00,0.00,0.00
0,4150,50,0.00,0.02,-0.41,-0.08,-0.39,9.79,0.99976,-0.02039,0.00433,0.00024,359.94,-0.44,2.31,-0.00,-0.00,-0.00
0,4200,50,0.00,0.00,-0.41,-0.08,-0.39,9.79,0.99976,-0.02039,0.00433,0.00024,359.94,-0.44,2.31,0.00,0.01,0.00
0,4250,50,0.02,0.01,-0.39,-0.08,-0.39,9.79,0.99976,-0.02039,0.00433,0.00024,359.94,-0.44,2.31,-0.01,-0.01,-0.00
0,4300,50,0.01,0.01,-0.40,-0.08,-0.39,9.79,0.99976,-0.02039,0.00433,0.00024,359.94,-0.44,2.31,0.00,0.00,0.00
0,4350,50,0.02,0.02,-0.40,-0.08,-0.39,9.79,0.99976,-0.02039,0.00433,0.00024,359.94,-0.44,2.31,0.00,-0.00,0.00
0,4400,50,-0.01,0.01,-0.40,-0.08,-0.39,9.79,0.99976,-0.02039,0.00433,0.00024,359.94,-0.44,2.31,-0.00,-0.00,0.00
0,4450,50,0.01,0.00,-0.38,-0.08,-0.39,9.79,0.99976,-0.02039,0.00433,0.00024,359.94,-0.44,2.31,0.00,0.00,-0.00
0,4500,50,0.01,0.02,-0.39,-0.08,-0.39,9.79,0.99976,-0.02039,0.00433,0.00024,359.94,-0.44,2.31,-0.00,0.00,-0.00
0,4550,50,0.00,0.02,-0.37,-0.08,-0.39,9.79,0.99976,-0.02039,0.00433,0.00024,359.94,-0.44,2.31,0.00,0.00,-0.00
0,4600,50,0.00,0.03,-0.38,-0.08,-0.39,9.79,0.99976,-0.02039,0.00433,0.00024,359.94,-0.44,2.31,0.00,0.01,0.00
0,4651,51,0.00,0.01,-0.43,-0.08,-0.39,9.79,0.99976,-0.02039,0.00433,0.00024,359.94,-0.44,2.31,0.00,0.00,-0.00
0,4701,50,0.01,0.01,-0.39,-0.08,-0.39,9.79,0.99976,-0.02039,0.00433,0.00024,359.94,-0.44,2.31,0.00,-0.00,0.00
0,4751,50,0.01,0.01,-0.40,-0.08,-0.39,9.79,0.99976,-0.02039,0.00433,0.00024,359.94,-0.44,2.31,0.00,-0.00,0.00
0,4801,50,0.00,0.03,-0.41,-0.08,-0.39,9.79,0.99976,-0.02039,0.00433,0.00024,359.94,-0.44,2.31,0.00,-0.00,-0.00
0,4851,50,0.00,0.01,-0.40,-0.08,-0.39,9.79,0.99976,-0.02039,0.00433,0.00024,359.94,-0.44,2.31,0.00,-0.00,0.00
0,4901,50,0.01,0.03,-0.39,-0.08,-0.39,9.79,0.99976,-0.02039,0.00433,0.00024,359.94,-0.44,2.31,0.00,-0.00,-0.00
0,4951,50,0.00,0.03,-0.41,-0.08,-0.39,9.79,0.99976,-0.02039,0.00433,0.00024,359.94,-0.44,2.31,0.00,0.00,0.00
0,5001,50,0.02,0.02,-0.40,-0.08,-0.39,9.79,0.99976,-0.02039,0.00433,0.00024,359.94,-0.44,2.31,0.00,0.00,0.00
0,5051,50,0.02,0.01,-0.39,-0.08,-0.39,9.79,0.99976,-0.02039,0.00433,0.00024,359.94,-0.44,2.31,0.00,0.00,-0.00
0,5101,50,0.00,0.01,-0.41,-0.08,-0.39,9.79,0.99976,-0.02039,0.00433,0.00024,359.94,-0.44,2.31,0.00,-0.00,-0.00
0,5151,50,0.03,0.02,-0.41,-0.08,-0.39,9.79,0.99976,-0.02039,0.00433,0.00024,359.94,-0.44,2.31,0.00,0.00,0.00
0,5201,50,-0.01,0.03,-0.39,-0.08,-0.39,9.79,0.99976,-0.02039,0.00433,0.00024,359.94,-0.44,2.31,0.00,0.00,0.00
0,5251,50,-0.01,0.03,-0.38,-0.08,-0.39,9.79,0.99976,-0.02039,0.00433,0.00024,359.94,-0.44,2.31,-0.00,0.00,0.00
0,5301,50,0.00,0.01,-0.40,-0.08,-0.39,9.79,0.99976,-0.02039,0.00433,0.00024,359.94,-0.44,2.31,-0.00,-0.01,0.00
0,5351,50,-0.01,0.03,-0.38,-0.08,-0.39,9.79,0.99976,-0.02039,0.00433,0.00024,359.94,-0.44,2.31,0.00,0.00,0.00
0,5401,50,0.00,0.01,-0.41,-0.08,-0.39,9.79,0.99976,-0.02039,0.00433,0.00024,359.94,-0.44,2.31,-0.00,0.00,-0.00
0,5451,50,0.01,0.02,-0.39,-0.08,-0.39,9.79,0.99976,-0.02039,0.00433,0.00024,359.94,-0.44,2.31,-0.00,-0.00,-0.00
0,5501,50,0.02,0.02,-0.38,-0.08,-0.39,9.79,0.99976,-0.02039,0.00433,0.00024,359.94,-0.44,2.31,0.00,-0.00,-0.00
0,5551,50,0.00,0.05,-0.40,-0.08,-0.39,9.79,0.99976,-0.02039,0.00433,0.00024,359.94,-0.44,2.31,0.00,-0.00,-0.00
0,5601,50,0.01,0.01,-0.40,-0.08,-0.39,9.79,0.99976,-0.02039,0.00433,0.00024,359.94,-0.44,2.31,0.00,0.00,0.00
0,5651,50,0.01,0.00,-0.37,-0.08,-0.39,9.79,0.99976,-0.02039,0.00433,0.00024,359.94,-0.44,2.31,0.00,0.00,0.00
0,5701,50,0.00,0.03,-0.36,-0.08,-0.39,9.79,0.99976,-0.02039,0.00433,0.00024,359.94,-0.44,2.31,-0.00,0.00,-0.00
0,5751,50,0.00,0.02,-0.39,-0.08,-0.39,9.79,0.99976,-0.02039,0.00433,0.00024,359.94,-0.44,2.31,0.00,0.00,0.00
0,5801,50,-0.01,0.00,-0.40,-0.08,-0.39,9.79,0.99976,-0.02039,0.00433,0.00024,359.94,-0.44,2.31,0.00,0.00,-0.00
0,5851,50,0.01,0.01,-0.41,-0.08,-0.39,9.79,0.99976,-0.02039,0.00433,0.00024,359.94,-0.44,2.31,-0.01,-0.00,0.00
0,5901,50,0.02,0.03,-0.37,-0.08,-0.39,9.79,0.99976,-0.02039,0.00433,0.00024,359.94,-0.44,2.31,-0.00,-0.01,-0.00
0,5951,50,0.00,0.02,-0.39,-0.08,-0.39,9.79,0.99976,-0.02039,0.00433,0.00024,359.94,-0.44,2.31,0.00,0.00,-0.00
0,6001,50,0.01,0.02,-0.41,-0.08,-0.39,9.79,0.99976,-0.02039,0.00433,0.00024,359.94,-0.44,2.31,0.00,0.00,0.00
0,6051,50,0.01,0.04,-0.39,-0.08,-0.39,9.79,0.99976,-0.02039,0.00433,0.00024,359.94,-0.44,2.31,0.00,-0.00,0.00
0,6102,51,0.00,0.04,-0.42,-0.08,-0.39,9.79,0.99976,-0.02039,0.00433,0.00024,359.94,-0.44,2.31,0.00,0.00,0.00
0,6152,50,0.02,0.03,-0.38,-0.08,-0.39,9.79,0.99976,-0.02039,0.00433,0.00024,359.94,-0.44,2.31,-0.00,-0.00,0.00
0,6202,50,0.01,0.01,-0.38,-0.08,-0.39,9.79,0.99976,-0.02039,0.00433,0.00024,359.94,-0.44,2.31,-0.00,-0.00,-0.00
0,6252,50,0.00,0.01,-0.36,-0.08,-0.39,9.79,0.99976,-0.02039,0.00433,0.00024,359.94,-0.44,2.31,0.01,0.00,-0.00
0,6302,50,0.00,0.02,-0.41,-0.08,-0.39,9.79,0.99976,-0.02039,0.00433,0.00024,359.94,-0.44,2.31,0.00,-0.00,-0.00
0,6352,50,0.00,0.02,-0.39,-0.08,-0.39,9.79,0.99976,-0.02039,0.00433,0.00024,359.94,-0.44,2.31,0.00,0.00,0.00
0,6402,50,0.01,0.04,-0.36,-0.08,-0.39,9.79,0.99976,-0.02039,0.00433,0.00024,359.94,-0.44,2.31,0.01,0.00,-0.00
0,6452,50,0.01,0.00,-0.38,-0.08,-0.39,9.79,0.99976,-0.02039,0.00433,0.00024,359.94,-0.44,2.31,-0.00,-0.00,0.00
0,6502,50,0.00,0.02,-0.37,-0.08,-0.39,9.79,0.99976,-0.02039,0.00433,0.00024,359.94,-0.44,2.31,0.00,0.00,0.00
0,6552,50,0.00,0.03,-0.40,-0.08,-0.39,9.79,0.99976,-0.02039,0.00433,0.00024,359.94,-0.44,2.31,-0.00,-0.00,0.00
0,6602,50,0.01,0.03,-0.38,-0.08,-0.39,9.79,0.99976,-0.02039,0.00433,0.00024,359.94,-0.44,2.31,0.00,-0.00,0.00
0,6652,50,0.00,0.01,-0.41,-0.08,-0.39,9.79,0.99976,-0.02039,0.00433,0.00024,359.94,-0.44,2.31,0.00,0.00,-0.00
0,6702,50,0.02,0.02,-0.40,-0.08,-0.39,9.79,0.99976,-0.02039,0.00433,0.00024,359.94,-0.44,2.31,-0.00,-0.00,0.00
0,6752,50,0.01,0.00,-0.39,-0.08,-0.39,9.79,0.99976,-0.02039,0.00433,0.00024,359.94,-0.44,2.31,0.00,-0.00,0.00
0,6802,50,0.01,0.03,-0.39,-0.08,-0.39,9.79,0.99976,-0.02039,0.00433,0.00024,359.94,-0.44,2.31,0.00,0.00,0.00
0,6852,50,0.00,0.02,-0.43,-0.08,-0.39,9.79,0.99976,-0.02039,0.00433,0.00024,359.94,-0.44,2.31,-0.00,0.00,0.00
0,6902,50,0.01,0.01,-0.39,-0.08,-0.39,9.79,0.99976,-0.02039,0.00433,0.00024,359.94,-0.44,2.31,0.00,-0.00,0.00
0,6952,50,0.00,0.01,-0.38,-0.08,-0.39,9.79,0.99976,-0.02039,0.00433,0.00024,359.94,-0.44,2.31,-0.00,-0.00,-0.00
0,7002,50,0.01,0.02,-0.40,-0.08,-0.39,9.79,0.99976,-0.02039,0.00433,0.00024,359.94,-0.44,2.31,-0.01,-0.01,0.00
0,7052,50,0.02,0.02,-0.41,-0.08,-0.39,9.79,0.99976,-0.02039,0.00433,0.00024,359.94,-0.44,2.31,-0.00,-0.00,0.00
0,7102,50,0.00,0.03,-0.38,-0.08,-0.39,9.79,0.99976,-0.02039,0.00433,0.00024,359.94,-0.44,2.31,0.00,-0.00,-0.00
0,7152,50,0.01,0.03,-0.41,-0.08,-0.39,9.79,0.99976,-0.02039,0.00433,0.00024,359.94,-0.44,2.31,-0.01,0.00,-0.00
0,7202,50,0.01,0.13,-0.39,-0.08,-0.39,9.79,0.99976,-0.02039,0.00433,0.00024,359.94,-0.44,2.31,-0.00,0.00,0.00
0,7252,50,-0.02,0.03,-0.36,-0.08,-0.39,9.79,0.99976,-0.02039,0.00433,0.00024,359.94,-0.44,2.31,0.01,0.00,-0.00
0,7302,50,0.00,-0.03,-0.36,-0.08,-0.39,9.79,0.99976,-0.02039,0.00433,0.00024,359.94,-0.44,2.31,-0.00,0.00,0.00
0,7352,50,0.07,-0.04,-0.43,-0.08,-0.39,9.79,0.99976,-0.02039,0.00433,0.00024,359.94,-0.44,2.31,0.00,-0.00,-0.00
0,7402,50,0.04,0.04,-0.39,-0.08,-0.39,9.79,0.99976,-0.02039,0.00433,0.00024,359.94,-0.44,2.31,0.00,-0.00,0.00
0,7452,50,0.03,0.00,-0.43,-0.08,-0.39,9.79,0.99976,-0.02039,0.00433,0.00024,359.94,-0.44,2.31,0.00,0.00,-0.00
0,7502,50,-0.01,0.00,-0.42,-0.08,-0.39,9.79,0.99976,-0.02039,0.00433,0.00024,359.94,-0.44,2.31,0.00,0.00,0.00
0,7552,50,0.01,0.00,-0.41,-0.08,-0.39,9.79,0.99976,-0.02039,0.00433,0.00024,359.94,-0.44,2.31,0.00,0.00,-0.00
0,7602,50,0.01,-0.01,-0.41,-0.08,-0.39,9.79,0.99976,-0.02039,0.00433,0.00024,359.94,-0.44,2.31,0.00,-0.00,0.00
0,7652,50,0.01,0.03,-0.40,-0.08,-0.39,9.79,0.99976,-0.02039,0.00433,0.00024,359.94,-0.44,2.31,0.00,-0.00,-0.00
0,7702,50,0.00,0.04,-0.37,-0.08,-0.39,9.79,0.99976,-0.02039,0.00433,0.00024,359.94,-0.44,2.31,0.00,-0.00,0.00
0,7752,50,-0.01,0.01,-0.41,-0.08,-0.39,9.79,0.99976,-0.02039,0.00433,0.00024,359.94,-0.44,2.31,-0.00,-0.00,0.00
0,7802,50,0.02,0.00,-0.39,-0.08,-0.39,9.79,0.99976,-0.02039,0.00433,0.00024,359.94,-0.44,2.31,-0.00,-0.00,0.00
0,7852,50,0.02,0.03,-0.42,-0.08,-0.39,9.79,0.99976,-0.02039,0.00433,0.00024,359.94,-0.44,2.31,0.00,-0.00,-0.00
0,7902,50,0.01,0.01,-0.41,-0.08,-0.39,9.79,0.99976,-0.02039,0.00433,0.00024,359.94,-0.44,2.31,-0.01,0.00,0.00
0,7952,50,0.00,0.01,-0.37,-0.08,-0.39,9.79,0.99976,-0.02039,0.00433,0.00024,359.94,-0.44,2.31,-0.00,-0.00,0.00
0,8002,50,0.00,0.01,-0.39,-0.08,-0.39,9.79,0.99976,-0.02039,0.00433,0.00024,359.94,-0.44,2.31,0.01,0.00,-0.00
0,8052,50,0.00,0.02,-0.40,-0.08,-0.39,9.79,0.99976,-0.02039,0.00433,0.00024,359.94,-0.44,2.31,0.00,0.01,0.00
0,8102,50,0.00,-0.01,-0.39,-0.08,-0.39,9.79,0.99976,-0.02039,0.00433,0.00024,359.94,-0.44,2.31,0.00,0.00,0.00
0,8152,50,0.02,0.00,-0.36,-0.08,-0.39,9.79,0.99976,-0.02039,0.00433,0.00024,359.94,-0.44,2.31,0.00,-0.00,0.00
0,8202,50,0.00,0.02,-0.40,-0.08,-0.39,9.79,0.99976,-0.02039,0.00433,0.00024,359.94,-0.44,2.31,0.00,0.00,0.00
0,8252,50,0.01,0.03,-0.39,-0.08,-0.39,9.79,0.99976,-0.02039,0.00433,0.00024,359.94,-0.44,2.31,-0.00,-0.00,0.00
0,8302,50,0.01,0.02,-0.37,-0.08,-0.39,9.79,0.99976,-0.02039,0.00433,0.00024,359.94,-0.44,2.31,0.00,-0.00,-0.00
0,8352,50,0.01,0.02,-0.42,-0.08,-0.39,9.79,0.99976,-0.02039,0.00433,0.00024,359.94,-0.44,2.31,0.00,0.01,0.00
0,8402,50,0.01,0.03,-0.38,-0.08,-0.39,9.79,0.99976,-0.02039,0.00433,0.00024,359.94,-0.44,2.31,0.00,-0.00,-0.00
0,8452,50,0.00,0.03,-0.42,-0.08,-0.39,9.79,0.99976,-0.02039,0.00433,0.00024,359.94,-0.44,2.31,-0.00,-0.00,-0.00
0,8502,50,0.01,0.02,-0.38,-0.08,-0.39,9.79,0.99976,-0.02039,0.00433,0.00024,359.94,-0.44,2.31,-0.00,-0.00,0.00
0,8552,50,0.00,0.01,-0.38,-0.08,-0.39,9.79,0.99976,-0.02039,0.00433,0.00024,359.94,-0.44,2.31,-0.00,-0.00,0.00
0,8602,50,0.00,0.00,-0.39,-0.08,-0.39,9.79,0.99976,-0.02039,0.00433,0.00024,359.94,-0.44,2.31,0.00,0.00,-0.00
0,8652,50,0.00,0.03,-0.43,-0.08,-0.39,9.79,0.99976,-0.02039,0.00433,0.00024,359.94,-0.44,2.31,0.00,-0.01,0.00
0,8702,50,0.01,0.03,-0.40,-0.08,-0.39,9.79,0.99976,-0.02039,0.00433,0.00024,359.94,-0.44,2.31,0.00,0.01,0.00
0,8752,50,0.00,0.02,-0.39,-0.08,-0.39,9.79,0.99976,-0.02039,0.00433,0.00024,359.94,-0.44,2.31,-0.00,-0.00,-0.00
0,8802,50,0.06,0.03,-0.40,-0.08,-0.39,9.79,0.99976,-0.02039,0.00433,0.00024,359.94,-0.44,2.31,-0.00,0.00,0.00
0,8852,50,-0.02,0.00,-0.43,-0.08,-0.39,9.79,0.99976,-0.02039,0.00433,0.00024,359.94,-0.44,2.31,-0.00,-0.00,-0.00
0,8902,50,0.01,0.07,-0.42,-0.08,-0.39,9.79,0.99976,-0.02039,0.00433,0.00024,359.94,-0.44,2.31,0.00,-0.00,-0.00
0,8952,50,0.01,0.03,-0.39,-0.08,-0.39,9.79,0.99976,-0.02039,0.00433,0.00024,359.94,-0.44,2.31,-0.00,-0.00,0.00
0,9003,51,0.02,0.00,-0.40,-0.08,-0.39,9.79,0.99976,-0.02039,0.00433,0.00024,359.94,-0.44,2.31,0.00,0.00,0.00
0,9053,50,0.00,0.00,-0.40,-0.08,-0.39,9.79,0.99976,-0.02039,0.00433,0.00024,359.94,-0.44,2.31,0.00,0.00,-0.00
0,9103,50,0.00,0.01,-0.40,-0.08,-0.39,9.79,0.99976,-0.02039,0.00433,0.00024,359.94,-0.44,2.31,-0.00,0.00,-0.00
0,9153,50,0.00,0.04,-0.37,-0.08,-0.39,9.79,0.99976,-0.02039,0.00433,0.00024,359.94,-0.44,2.31,-0.00,0.00,-0.00
0,9203,50,0.00,0.01,-0.40,-0.08,-0.39,9.79,0.99976,-0.02039,0.00433,0.00024,359.94,-0.44,2.31,0.00,-0.00,0.00
0,9253,50,0.01,0.01,-0.40,-0.08,-0.39,9.79,0.99976,-0.02039,0.00433,0.00024,359.94,-0.44,2.31,0.01,-0.00,-0.00
0,9303,50,0.00,-0.02,-0.41,-0.08,-0.39,9.79,0.99976,-0.02039,0.00433,0.00024,359.94,-0.44,2.31,-0.00,0.00,0.00
0,9353,50,0.01,0.01,-0.41,-0.08,-0.39,9.79,0.99976,-0.02039,0.00433,0.00024,359.94,-0.44,2.31,0.00,0.00,0.00
0,9403,50,0.00,0.02,-0.40,-0.08,-0.39,9.79,0.99976,-0.02039,0.00433,0.00024,359.94,-0.44,2.31,0.00,0.00,-0.00
0,9453,50,0.00,0.01,-0.38,-0.08,-0.39,9.79,0.99976,-0.02039,0.00433,0.00024,359.94,-0.44,2.31,-0.00,-0.00,0.00
0,9503,50,0.01,0.00,-0.38,-0.08,-0.39,9.79,0.99976,-0.02039,0.00433,0.00024,359.94,-0.44,2.31,-0.00,0.00,0.00
0,9553,50,0.00,0.04,-0.38,-0.08,-0.39,9.79,0.99976,-0.02039,0.00433,0.00024,359.94,-0.44,2.31,0.00,0.00,0.00
0,9603,50,0.01,0.11,-0.33,-0.08,-0.39,9.79,0.99982,-0.02020,0.00433,0.00024,359.94,-0.44,2.31,0.02,0.00,-0.00
0,9653,50,0.01,-0.04,-0.41,-0.08,-0.40,9.79,0.99976,-0.02051,0.00433,0.00024,359.94,-0.44,2.31,0.00,-0.00,0.00
0,9703,50,0.02,0.04,-0.41,-0.08,-0.40,9.79,0.99976,-0.02051,0.00433,0.00024,359.94,-0.44,2.31,0.00,0.00,0.00
0,9753,50,0.00,0.03,-0.40,-0.08,-0.40,9.79,0.99976,-0.02051,0.00433,0.00024,359.94,-0.44,2.31,0.00,-0.00,-0.00
0,9803,50,0.00,0.03,-0.41,-0.08,-0.40,9.79,0.99976,-0.02051,0.00433,0.00024,359.94,-0.44,2.31,0.00,0.00,0.00
0,9853,50,0.01,0.02,-0.39,-0.08,-0.40,9.79,0.99976,-0.02051,0.00433,0.00024,359.94,-0.44,2.31,0.00,0.00,0.00
0,9903,50,0.00,-0.01,-0.39,-0.08,-0.40,9.79,0.99976,-0.02051,0.00433,0.00024,359.94,-0.44,2.31,0.00,0.01,0.00
0,9953,50,0.00,0.01,-0.37,-0.08,-0.40,9.79,0.99976,-0.02051,0.00433,0.00024,359.94,-0.44,2.31,-0.00,0.00,0.00
0,10003,50,0.01,0.03,-0.43,-0.08,-0.40,9.79,0.99976,-0.02051,0.00433,0.00024,359.94,-0.44,2.31,0.00,-0.00,0.00
0,10053,50,0.01,0.03,-0.39,-0.08,-0.40,9.79,0.99976,-0.02051,0.00433,0.00024,359.94,-0.44,2.31,0.00,-0.00,0.00
0,10103,50,0.00,0.03,-0.40,-0.08,-0.40,9.79,0.99976,-0.02051,0.00433,0.00024,359.94,-0.44,2.31,0.00,0.00,-0.00
0,10153,50,0.01,0.01,-0.40,-0.08,-0.40,9.79,0.99976,-0.02051,0.00433,0.00024,359.94,-0.44,2.31,0.00,-0.00,0.00
0,10203,50,0.02,0.03,-0.38,-0.08,-0.40,9.79,0.99976,-0.02051,0.00433,0.00024,359.94,-0.44,2.31,0.00,-0.00,0.00
0,10253,50,0.00,0.02,-0.41,-0.08,-0.40,9.79,0.99976,-0.02051,0.00433,0.00024,359.94,-0.44,2.31,0.00,0.00,0.00
0,10303,50,0.00,0.02,-0.41,-0.08,-0.40,9.79,0.99976,-0.02051,0.00433,0.00024,359.94,-0.44,2.31,0.00,0.00,0.00
0,10353,50,0.12,-0.11,-0.57,-0.08,-0.39,9.79,0.99976,-0.02020,0.00439,0.00018,359.94,-0.50,2.31,0.02,-0.00,-0.01
0,10403,50,0.16,-0.21,-0.62,-0.08,-0.40,9.79,0.99976,-0.02045,0.00439,0.00018,359.94,-0.50,2.31,-0.01,0.00,0.00
0,10454,51,0.12,0.19,-0.40,-0.08,-0.39,9.79,0.99976,-0.02039,0.00439,0.00018,359.94,-0.50,2.31,0.02,0.00,-0.00
0,10504,50,-0.05,-0.11,-0.52,-0.08,-0.40,9.79,0.99976,-0.02051,0.00439,0.00018,359.94,-0.50,2.31,-0.01,-0.00,0.00
0,10554,50,-0.07,0.11,-0.36,-0.08,-0.39,9.79,0.99976,-0.02039,0.00439,0.00018,359.94,-0.50,2.31,0.01,0.00,-0.00
0,10604,50,0.02,-0.01,-0.42,-0.08,-0.39,9.79,0.99976,-0.02039,0.00439,0.00018,359.94,-0.50,2.31,-0.01,-0.00,0.01
0,10654,50,-0.06,0.05,-0.43,-0.08,-0.39,9.79,0.99976,-0.02039,0.00439,0.00018,359.94,-0.50,2.31,0.00,0.00,-0.00
0,10704,50,0.00,0.02,-0.41,-0.08,-0.39,9.79,0.99976,-0.02039,0.00439,0.00018,359.94,-0.50,2.31,0.01,0.00,0.00
0,10754,50,-0.03,0.12,-0.39,-0.08,-0.39,9.79,0.99976,-0.02039,0.00439,0.00018,359.94,-0.50,2.31,0.00,0.00,0.00
0,10804,50,0.02,0.03,-0.41,-0.08,-0.39,9.79,0.99976,-0.02039,0.00439,0.00018,359.94,-0.50,2.31,0.01,-0.00,0.00
0,10854,50,0.00,-0.02,-0.39,-0.08,-0.39,9.79,0.99976,-0.02039,0.00439,0.00018,359.94,-0.50,2.31,-0.01,-0.00,0.00
0,10904,50,0.06,0.01,-0.39,-0.08,-0.39,9.79,0.99976,-0.02039,0.00439,0.00018,359.94,-0.50,2.31,0.00,0.00,0.00
0,10954,50,0.00,0.04,-0.39,-0.08,-0.39,9.79,0.99976,-0.02039,0.00439,0.00018,359.94,-0.50,2.31,0.00,0.00,-0.00
0,11004,50,0.02,0.02,-0.43,-0.08,-0.39,9.79,0.99976,-0.02039,0.00439,0.00018,359.94,-0.50,2.31,0.00,-0.00,0.00
0,11054,50,0.00,0.05,-0.42,-0.08,-0.39,9.79,0.99976,-0.02039,0.00439,0.00018,359.94,-0.50,2.31,0.00,-0.01,0.00
0,11104,50,0.00,0.02,-0.39,-0.08,-0.39,9.79,0.99976,-0.02039,0.00439,0.00018,359.94,-0.50,2.31,0.00,0.00,0.00
0,11154,50,0.00,0.02,-0.41,-0.08,-0.39,9.79,0.99976,-0.02039,0.00439,0.00018,359.94,-0.50,2.31,0.00,0.00,0.00
0,11204,50,0.04,-0.02,-0.38,-0.08,-0.39,9.79,0.99976,-0.02039,0.00439,0.00018,359.94,-0.50,2.31,0.00,0.00,0.00
0,11254,50,0.02,0.02,-0.40,-0.08,-0.39,9.79,0.99976,-0.02039,0.00439,0.00018,359.94,-0.50,2.31,-0.00,0.00,0.00
0,11304,50,0.02,0.01,-0.39,-0.08,-0.39,9.79,0.99976,-0.02039,0.00439,0.00018,359.94,-0.50,2.31,0.01,0.00,-0.00
0,11354,50,0.00,0.00,-0.38,-0.08,-0.39,9.79,0.99976,-0.02039,0.00439,0.00018,359.94,-0.50,2.31,-0.01,-0.00,0.00
0,11404,50,0.01,0.01,-0.42,-0.08,-0.39,9.79,0.99976,-0.02039,0.00439,0.00018,359.94,-0.50,2.31,0.00,0.00,0.00
0,11454,50,0.00,0.00,-0.41,-0.08,-0.39,9.79,0.99976,-0.02039,0.00439,0.00018,359.94,-0.50,2.31,0.00,0.00,-0.00
0,11504,50,0.02,0.04,-0.41,-0.08,-0.39,9.79,0.99976,-0.02039,0.00439,0.00018,359.94,-0.50,2.31,0.00,0.00,-0.00
0,11554,50,0.01,0.00,-0.40,-0.08,-0.39,9.79,0.99976,-0.02039,0.00439,0.00018,359.94,-0.50,2.31,-0.00,-0.00,0.00
0,11604,50,0.00,0.02,-0.39,-0.08,-0.39,9.79,0.99976,-0.02039,0.00439,0.00018,359.94,-0.50,2.31,0.00,-0.00,-0.00
0,11654,50,0.00,0.01,-0.37,-0.08,-0.39,9.79,0.99976,-0.02039,0.00439,0.00018,359.94,-0.50,2.31,0.00,0.00,-0.00
0,11704,50,-0.01,0.03,-0.40,-0.08,-0.39,9.79,0.99976,-0.02039,0.00439,0.00018,359.94,-0.50,2.31,0.00,0.00,0.00
0,11754,50,0.02,0.00,-0.40,-0.08,-0.39,9.79,0.99976,-0.02039,0.00439,0.00018,359.94,-0.50,2.31,0.00,0.00,-0.00
0,11804,50,0.01,0.02,-0.41,-0.08,-0.39,9.79,0.99976,-0.02039,0.00439,0.00018,359.94,-0.50,2.31,0.01,0.01,0.00
0,11854,50,0.00,0.02,-0.38,-0.08,-0.39,9.79,0.99976,-0.02039,0.00439,0.00018,359.94,-0.50,2.31,-0.00,0.00,0.00
0,11904,50,0.01,0.02,-0.39,-0.08,-0.39,9.79,0.99976,-0.02039,0.00439,0.00018,359.94,-0.50,2.31,-0.00,-0.00,0.00
0,11954,50,0.01,0.01,-0.41,-0.08,-0.39,9.79,0.99976,-0.02039,0.00439,0.00018,359.94,-0.50,2.31,-0.01,-0.00,0.00
0,12004,50,0.02,0.04,-0.42,-0.08,-0.39,9.79,0.99976,-0.02039,0.00439,0.00018,359.94,-0.50,2.31,0.00,-0.00,-0.00
0,12054,50,0.01,0.02,-0.41,-0.08,-0.39,9.79,0.99976,-0.02039,0.00439,0.00018,359.94,-0.50,2.31,-0.00,0.00,0.00
0,12104,50,0.01,0.03,-0.40,-0.08,-0.39,9.79,0.99976,-0.02039,0.00439,0.00018,359.94,-0.50,2.31,-0.00,-0.00,-0.00
0,12154,50,0.00,0.00,-0.42,-0.08,-0.39,9.79,0.99976,-0.02039,0.00439,0.00018,359.94,-0.50,2.31,-0.00,0.00,0.00
0,12204,50,0.01,0.00,-0.41,-0.08,-0.39,9.79,0.99976,-0.02039,0.00439,0.00018,359.94,-0.50,2.31,0.00,-0.00,0.00
0,12254,50,0.00,0.00,-0.37,-0.08,-0.39,9.79,0.99976,-0.02039,0.00439,0.00018,359.94,-0.50,2.31,0.00,0.00,0.00
0,12304,50,0.01,0.04,-0.40,-0.08,-0.39,9.79,0.99976,-0.02039,0.00439,0.00018,359.94,-0.50,2.31,-0.00,-0.00,-0.00
0,12354,50,0.01,0.00,-0.38,-0.08,-0.39,9.79,0.99976,-0.02039,0.00439,0.00018,359.94,-0.50,2.31,0.00,0.00,0.00
0,12404,50,0.01,0.00,-0.42,-0.08,-0.39,9.79,0.99976,-0.02039,0.00439,0.00018,359.94,-0.50,2.31,0.00,-0.00,-0.00
0,12454,50,0.01,0.03,-0.39,-0.08,-0.39,9.79,0.99976,-0.02039,0.00439,0.00018,359.94,-0.50,2.31,0.00,0.00,0.00
0,12504,50,0.01,0.02,-0.41,-0.08,-0.39,9.79,0.99976,-0.02039,0.00439,0.00018,359.94,-0.50,2.31,-0.00,-0.00,0.00
0,12554,50,0.01,0.03,-0.41,-0.08,-0.39,9.79,0.99976,-0.02039,0.00439,0.00018,359.94,-0.50,2.31,0.00,-0.00,0.00
0,12604,50,0.02,0.02,-0.42,-0.08,-0.39,9.79,0.99976,-0.02039,0.00439,0.00018,359.94,-0.50,2.31,0.00,-0.00,-0.00
0,12654,50,0.00,-0.03,-0.41,-0.08,-0.39,9.79,0.99976,-0.02039,0.00439,0.00018,359.94,-0.50,2.31,-0.00,0.00,0.00
0,12704,50,0.00,0.01,-0.41,-0.08,-0.39,9.79,0.99976,-0.02039,0.00439,0.00018,359.94,-0.50,2.31,-0.00,0.00,0.00
0,12754,50,0.00,0.02,-0.44,-0.08,-0.39,9.79,0.99976,-0.02039,0.00439,0.00018,359.94,-0.50,2.31,-0.00,-0.00,-0.00
0,12804,50,0.01,0.01,-0.40,-0.08,-0.39,9.79,0.99976,-0.02039,0.00439,0.00018,359.94,-0.50,2.31,-0.00,0.00,0.00
0,12854,50,0.01,0.02,-0.40,-0.08,-0.39,9.79,0.99976,-0.02039,0.00439,0.00018,359.94,-0.50,2.31,-0.00,-0.00,0.00
0,12904,50,0.01,0.02,-0.44,-0.08,-0.39,9.79,0.99976,-0.02039,0.00439,0.00018,359.94,-0.50,2.31,0.00,0.00,-0.00
0,12954,50,0.00,0.02,-0.42,-0.08,-0.39,9.79,0.99976,-0.02039,0.00439,0.00018,359.94,-0.50,2.31,-0.00,0.00,-0.00
0,13004,50,0.00,0.01,-0.41,-0.08,-0.39,9.79,0.99976,-0.02039,0.00439,0.00018,359.94,-0.50,2.31,0.00,0.00,0.00
0,13054,50,0.00,0.06,-0.41,-0.08,-0.40,9.79,0.99976,-0.02045,0.00439,0.00018,359.94,-0.50,2.31,-0.01,0.00,-0.00
0,13104,50,0.01,0.00,-0.39,-0.08,-0.40,9.79,0.99976,-0.02045,0.00439,0.00018,359.94,-0.50,2.31,0.00,-0.00,-0.00
0,13154,50,0.02,0.03,-0.42,-0.08,-0.40,9.79,0.99976,-0.02045,0.00439,0.00018,359.94,-0.50,2.31,0.00,-0.00,0.00
0,13204,50,0.00,-0.01,-0.35,-0.08,-0.40,9.79,0.99976,-0.02051,0.00439,0.00018,359.94,-0.50,2.31,-0.02,-0.00,0.00
0,13254,50,0.00,0.00,-0.42,-0.08,-0.40,9.79,0.99976,-0.02057,0.00439,0.00018,359.94,-0.50,2.31,-0.00,-0.00,-0.00
0,13304,50,-0.06,-0.01,-0.40,-0.08,-0.40,9.79,0.99976,-0.02045,0.00439,0.00018,359.94,-0.50,2.31,-0.01,0.00,-0.00
0,13355,51,0.01,0.03,-0.38,-0.08,-0.40,9.79,0.99976,-0.02057,0.00439,0.00018,359.94,-0.50,2.31,0.00,0.00,0.00
0,13405,50,0.01,0.03,-0.43,-0.08,-0.40,9.79,0.99976,-0.02057,0.00439,0.00018,359.94,-0.50,2.31,0.00,-0.00,0.00
0,13455,50,0.02,-0.03,-0.43,-0.08,-0.39,9.79,0.99982,-0.01990,0.00439,0.00018,359.94,-0.50,2.25,0.05,0.00,-0.00
0,13505,50,-0.28,0.03,-0.42,-0.08,-0.38,9.79,0.99982,-0.01953,0.00458,0.00018,359.94,-0.50,2.25,0.01,0.00,0.00
0,13555,50,-0.08,-0.07,-0.51,-0.09,-0.36,9.79,0.99982,-0.01843,0.00470,0.00018,359.94,-0.50,2.06,0.03,0.01,0.01
1,13605,50,0.32,0.03,-0.41,-0.09,-0.35,9.79,0.99982,-0.01819,0.00476,0.00018,359.94,-0.50,2.06,0.01,0.00,0.00
1,13655,50,0.04,-0.03,-0.43,-0.09,-0.34,9.80,0.99982,-0.01770,0.00470,0.00018,359.94,-0.50,2.00,0.04,0.00,-0.00
