deltat,AcX,AcY,AcZ,GravX,GravY,GravZ,OrX,OrY,OrZ,GyX,GyY,GyZ
50,0.02,0.00,-0.45,-0.27,-0.23,9.79,359.94,-1.63,1.31,-0.01,-0.00,-0.00
50,0.00,0.00,-0.42,-0.27,-0.23,9.79,359.94,-1.63,1.31,-0.00,0.00,-0.00
50,0.00,0.01,-0.40,-0.27,-0.23,9.79,359.94,-1.63,1.31,0.00,-0.00,-0.00
50,0.03,0.00,-0.44,-0.27,-0.23,9.79,359.94,-1.63,1.31,-0.00,0.00,0.00
50,0.01,0.00,-0.40,-0.27,-0.23,9.79,359.94,-1.63,1.31,0.00,-0.00,-0.00
50,0.00,0.01,-0.41,-0.27,-0.23,9.79,359.94,-1.63,1.31,0.00,-0.00,0.00
50,0.02,0.00,-0.43,-0.27,-0.23,9.79,359.94,-1.63,1.31,0.00,0.00,0.00
50,0.00,0.00,-0.46,-0.27,-0.23,9.79,359.94,-1.63,1.31,0.00,-0.00,0.00
50,0.01,0.01,-0.39,-0.27,-0.23,9.79,359.94,-1.63,1.31,0.00,0.00,0.00
50,0.02,0.00,-0.41,-0.27,-0.23,9.79,359.94,-1.63,1.31,0.00,0.00,-0.00
50,0.00,-0.01,-0.44,-0.27,-0.23,9.79,359.94,-1.63,1.31,0.00,0.00,0.00
50,-0.03,0.01,-0.41,-0.27,-0.23,9.79,359.94,-1.63,1.31,0.00,0.00,0.00
50,0.03,0.01,-0.41,-0.27,-0.23,9.79,359.94,-1.63,1.31,-0.01,-0.01,-0.00
50,-0.01,0.02,-0.44,-0.27,-0.23,9.79,359.94,-1.63,1.31,-0.00,0.00,-0.00
50,0.00,0.00,-0.42,-0.27,-0.23,9.79,359.94,-1.63,1.31,0.00,0.00,-0.00
50,0.00,0.01,-0.42,-0.27,-0.23,9.79,359.94,-1.63,1.31,0.00,0.01,-0.00
50,0.01,0.00,-0.42,-0.27,-0.23,9.79,359.94,-1.63,1.31,-0.00,-0.01,0.00
50,0.00,0.01,-0.45,-0.27,-0.23,9.79,359.94,-1.63,1.31,0.00,0.00,0.00
50,-0.01,0.00,-0.44,-0.27,-0.23,9.79,359.94,-1.63,1.31,0.00,-0.01,0.00
50,0.02,-0.01,-0.42,-0.27,-0.23,9.79,359.94,-1.63,1.31,0.00,0.00,0.00
50,0.01,0.00,-0.42,-0.27,-0.23,9.79,359.94,-1.63,1.31,-0.00,0.00,0.00
50,0.01,0.00,-0.41,-0.27,-0.23,9.79,359.94,-1.63,1.31,-0.00,0.00,0.00
50,0.01,0.01,-0.40,-0.27,-0.23,9.79,359.94,-1.63,1.31,0.00,0.00,0.00
50,0.01,0.00,-0.41,-0.27,-0.23,9.79,359.94,-1.63,1.31,0.00,0.00,0.00
50,0.02,0.00,-0.40,-0.27,-0.23,9.79,359.94,-1.63,1.31,0.00,-0.00,-0.00
50,0.00,0.00,-0.41,-0.27,-0.23,9.79,359.94,-1.63,1.31,-0.01,0.00,0.00
50,0.00,-0.02,-0.43,-0.27,-0.23,9.79,359.94,-1.63,1.31,0.00,0.00,0.00
50,0.02,0.01,-0.40,-0.27,-0.23,9.79,359.94,-1.63,1.31,0.01,0.01,0.00
50,-0.02,0.01,-0.41,-0.27,-0.23,9.79,359.94,-1.63,1.31,0.00,0.00,0.00
50,0.00,0.01,-0.41,-0.27,-0.23,9.79,359.94,-1.63,1.31,0.00,0.00,0.00
50,0.00,0.00,-0.40,-0.27,-0.23,9.79,359.94,-1.63,1.31,-0.00,0.00,0.00
50,0.00,0.00,-0.47,-0.27,-0.23,9.79,359.94,-1.63,1.31,0.00,0.00,0.00
50,0.00,0.00,-0.41,-0.27,-0.23,9.79,359.94,-1.63,1.31,-0.00,-0.00,0.00
50,0.01,0.01,-0.42,-0.27,-0.23,9.79,359.94,-1.63,1.31,0.00,0.00,-0.00
50,0.02,-0.01,-0.43,-0.27,-0.23,9.79,359.94,-1.63,1.31,-0.00,0.00,0.00
50,0.00,0.00,-0.42,-0.27,-0.23,9.79,359.94,-1.63,1.31,0.00,0.00,0.00
50,0.00,0.00,-0.41,-0.27,-0.23,9.79,359.94,-1.63,1.31,0.00,0.00,-0.00
50,0.02,0.01,-0.43,-0.27,-0.23,9.79,359.94,-1.63,1.31,0.00,0.00,0.00
50,0.00,0.01,-0.42,-0.27,-0.23,9.79,359.94,-1.63,1.31,0.00,0.00,-0.00
50,0.01,0.00,-0.41,-0.27,-0.23,9.79,359.94,-1.63,1.31,0.00,-0.00,-0.00
50,0.01,0.00,-0.41,-0.27,-0.23,9.79,359.94,-1.63,1.31,0.01,0.00,0.00
50,0.00,0.00,-0.43,-0.27,-0.23,9.79,359.94,-1.63,1.31,0.00,0.00,0.00
50,0.00,0.01,-0.40,-0.27,-0.23,9.79,359.94,-1.63,1.31,-0.00,0.00,0.00
50,0.00,0.00,-0.38,-0.27,-0.23,9.79,359.94,-1.63,1.31,-0.00,0.00,-0.00
50,0.00,0.00,-0.41,-0.27,-0.23,9.79,359.94,-1.63,1.31,-0.00,0.00,0.00
50,0.01,0.00,-0.39,-0.27,-0.23,9.79,359.94,-1.63,1.31,-0.00,0.00,0.00
50,0.02,-0.01,-0.44,-0.27,-0.23,9.79,359.94,-1.63,1.31,-0.00,-0.00,0.00
50,-0.01,0.00,-0.40,-0.27,-0.23,9.79,359.94,-1.63,1.31,-0.00,0.00,0.00
50,0.01,0.00,-0.37,-0.27,-0.23,9.79,359.94,-1.63,1.31,-0.00,-0.00,0.00
50,0.00,0.00,-0.41,-0.27,-0.23,9.79,359.94,-1.63,1.31,0.00,-0.00,0.00
50,0.00,-0.01,-0.40,-0.27,-0.23,9.79,359.94,-1.63,1.31,0.00,0.00,-0.00
50,0.00,0.02,-0.41,-0.27,-0.23,9.79,359.94,-1.63,1.31,-0.00,0.00,0.00
51,-0.02,0.00,-0.38,-0.27,-0.23,9.79,359.94,-1.63,1.31,-0.00,-0.00,0.00
50,0.01,0.02,-0.44,-0.27,-0.23,9.79,359.94,-1.63,1.31,0.00,0.00,0.00
50,0.00,0.01,-0.41,-0.27,-0.23,9.79,359.94,-1.63,1.31,0.00,0.00,0.00
50,0.00,0.00,-0.41,-0.27,-0.23,9.79,359.94,-1.63,1.31,0.00,-0.00,0.00
50,0.00,0.00,-0.40,-0.27,-0.23,9.79,359.94,-1.63,1.31,0.00,-0.00,0.00
50,0.00,0.00,-0.40,-0.27,-0.23,9.79,359.94,-1.63,1.31,-0.01,-0.00,0.00
50,0.00,0.00,-0.40,-0.27,-0.23,9.79,359.94,-1.63,1.31,0.00,-0.00,-0.00
50,-0.01,0.03,-0.41,-0.27,-0.23,9.79,359.94,-1.63,1.31,0.01,0.01,-0.00
50,0.02,0.00,-0.39,-0.27,-0.23,9.79,359.94,-1.63,1.31,0.00,-0.00,0.00
50,0.02,0.01,-0.43,-0.27,-0.23,9.79,359.94,-1.63,1.31,-0.00,0.00,0.00
50,0.00,0.02,-0.41,-0.27,-0.23,9.79,359.94,-1.63,1.31,-0.00,0.00,-0.00
50,0.01,0.00,-0.41,-0.27,-0.23,9.79,359.94,-1.63,1.31,-0.00,-0.00,0.00
50,0.00,0.01,-0.43,-0.27,-0.23,9.79,359.94,-1.63,1.31,-0.00,0.00,0.00
50,0.00,0.03,-0.43,-0.27,-0.23,9.79,359.94,-1.63,1.31,-0.00,0.00,0.00
50,0.01,0.00,-0.40,-0.27,-0.23,9.79,359.94,-1.63,1.31,0.00,-0.00,0.00
50,0.01,0.02,-0.42,-0.27,-0.23,9.79,359.94,-1.63,1.31,-0.01,-0.00,-0.00
50,0.01,0.01,-0.40,-0.27,-0.23,9.79,359.94,-1.63,1.31,-0.00,-0.00,-0.00
50,0.01,0.00,-0.40,-0.27,-0.23,9.79,359.94,-1.63,1.31,0.00,0.00,0.00
50,0.00,0.00,-0.41,-0.27,-0.23,9.79,359.94,-1.63,1.31,-0.00,-0.00,0.00
50,0.00,0.00,-0.41,-0.27,-0.23,9.79,359.94,-1.63,1.31,-0.00,-0.00,-0.00
50,0.00,0.02,-0.41,-0.27,-0.23,9.79,359.94,-1.63,1.31,0.00,-0.00,0.00
50,-0.01,0.01,-0.39,-0.27,-0.23,9.79,359.94,-1.63,1.31,0.00,-0.00,0.00
50,0.01,0.00,-0.39,-0.27,-0.23,9.79,359.94,-1.63,1.31,0.00,0.00,-0.00
50,0.00,0.00,-0.40,-0.27,-0.23,9.79,359.94,-1.63,1.31,-0.00,-0.01,0.00
50,0.00,0.00,-0.42,-0.27,-0.23,9.79,359.94,-1.63,1.31,-0.00,-0.00,-0.00
50,0.02,0.00,-0.39,-0.27,-0.23,9.79,359.94,-1.63,1.31,0.00,0.00,0.00
50,0.00,0.01,-0.40,-0.27,-0.23,9.79,359.94,-1.63,1.31,0.00,-0.00,-0.00
50,0.00,0.00,-0.42,-0.27,-0.23,9.79,359.94,-1.63,1.31,0.00,0.01,0.00
50,0.00,0.02,-0.42,-0.27,-0.23,9.79,359.94,-1.63,1.31,-0.00,-0.00,0.00
51,0.00,0.01,-0.42,-0.27,-0.23,9.79,359.94,-1.63,1.31,-0.00,-0.00,0.00
50,0.00,0.00,-0.39,-0.27,-0.23,9.79,359.94,-1.63,1.31,0.00,-0.00,0.00
50,0.03,0.00,-0.37,-0.27,-0.23,9.79,359.94,-1.63,1.31,-0.00,-0.00,-0.00
50,0.00,0.00,-0.40,-0.27,-0.23,9.79,359.94,-1.63,1.31,0.00,0.00,0.00
50,0.00,-0.01,-0.43,-0.27,-0.23,9.79,359.94,-1.63,1.31,0.00,-0.00,0.00
50,-0.01,0.00,-0.39,-0.27,-0.23,9.79,359.94,-1.63,1.31,0.00,0.00,-0.00
50,-0.01,0.00,-0.43,-0.27,-0.23,9.79,359.94,-1.63,1.31,0.00,0.00,-0.00
50,0.01,-0.01,-0.42,-0.27,-0.23,9.79,359.94,-1.63,1.31,0.00,-0.00,0.00
50,0.01,-0.01,-0.40,-0.27,-0.23,9.79,359.94,-1.63,1.31,-0.00,0.00,0.00
50,0.02,-0.03,-0.42,-0.27,-0.23,9.79,359.94,-1.63,1.31,-0.00,0.00,-0.00
50,0.00,0.00,-0.42,-0.27,-0.23,9.79,359.94,-1.63,1.31,-0.00,-0.00,-0.00
50,-0.02,0.01,-0.32,-0.27,-0.23,9.79,359.94,-1.63,1.31,0.00,0.01,0.00
50,-0.02,0.00,-0.36,-0.27,-0.23,9.79,359.94,-1.63,1.31,0.00,0.00,0.00
50,0.00,0.01,-0.37,-0.27,-0.23,9.79,359.94,-1.63,1.31,0.00,0.00,-0.00
50,-0.01,0.02,-0.35,-0.27,-0.23,9.79,359.94,-1.63,1.31,0.00,0.00,0.00
50,0.03,0.00,-0.40,-0.27,-0.23,9.79,359.94,-1.63,1.31,0.00,-0.00,0.00
50,0.00,0.01,-0.39,-0.27,-0.23,9.79,359.94,-1.63,1.31,0.00,-0.00,0.00
50,0.00,0.01,-0.41,-0.27,-0.23,9.79,359.94,-1.63,1.31,0.00,-0.00,-0.00
50,0.01,-0.01,-0.40,-0.27,-0.23,9.79,359.94,-1.63,1.31,-0.00,0.00,0.00
50,0.02,-0.06,-0.61,-0.27,-0.23,9.79,359.94,-1.63,1.31,-0.00,0.00,-0.00
50,-0.04,0.03,-0.27,-0.27,-0.23,9.79,359.94,-1.63,1.31,0.00,0.00,0.00
50,0.02,0.01,-0.45,-0.27,-0.23,9.79,359.94,-1.63,1.31,0.00,0.00,0.00
50,0.00,0.00,-0.37,-0.27,-0.23,9.79,359.94,-1.63,1.31,0.00,-0.00,0.00
50,0.01,0.01,-0.44,-0.27,-0.23,9.79,359.94,-1.63,1.31,0.00,0.00,0.00
50,0.01,0.04,-0.39,-0.27,-0.23,9.79,359.94,-1.63,1.31,-0.00,0.00,0.00
50,0.00,0.00,-0.40,-0.27,-0.23,9.79,359.94,-1.63,1.31,-0.00,-0.00,0.00
50,0.01,0.00,-0.39,-0.27,-0.23,9.79,359.94,-1.63,1.31,0.00,0.00,-0.00
50,0.00,0.02,-0.40,-0.27,-0.23,9.79,359.94,-1.63,1.31,-0.00,-0.00,0.00
50,-0.01,0.00,-0.38,-0.27,-0.23,9.79,359.94,-1.63,1.31,0.00,0.00,-0.00
50,0.01,0.02,-0.37,-0.27,-0.23,9.79,359.94,-1.63,1.31,0.00,0.00,0.00
50,0.01,0.00,-0.40,-0.27,-0.23,9.79,359.94,-1.63,1.31,-0.00,-0.00,-0.00
50,0.00,0.00,-0.39,-0.27,-0.23,9.79,359.94,-1.63,1.31,-0.00,-0.00,0.00
50,0.00,0.00,-0.40,-0.27,-0.23,9.79,359.94,-1.63,1.31,0.00,0.00,-0.00
50,0.00,0.00,-0.42,-0.27,-0.23,9.79,359.94,-1.63,1.31,0.00,0.01,0.00
50,0.00,0.01,-0.36,-0.27,-0.23,9.79,359.94,-1.63,1.31,0.01,0.01,-0.00
50,0.00,0.00,-0.40,-0.27,-0.23,9.79,359.94,-1.63,1.31,0.00,0.00,-0.00
50,0.01,0.00,-0.40,-0.27,-0.23,9.79,359.94,-1.63,1.31,0.00,0.00,0.00
50,0.00,0.02,-0.40,-0.27,-0.23,9.79,359.94,-1.63,1.31,0.00,-0.00,0.00
50,0.01,0.00,-0.40,-0.27,-0.23,9.79,359.94,-1.63,1.31,0.00,-0.00,-0.00
50,0.02,0.00,-0.42,-0.27,-0.23,9.79,359.94,-1.63,1.31,0.00,0.00,0.00
50,0.02,0.00,-0.41,-0.27,-0.23,9.79,359.94,-1.63,1.31,-0.00,-0.01,-0.00
50,0.01,-0.01,-0.38,-0.27,-0.23,9.79,359.94,-1.63,1.31,-0.00,-0.00,0.00
50,0.02,0.00,-0.44,-0.27,-0.23,9.79,359.94,-1.63,1.31,0.00,0.00,0.00
50,0.01,0.02,-0.41,-0.27,-0.23,9.79,359.94,-1.63,1.31,-0.00,0.00,-0.00
50,0.02,0.01,-0.40,-0.27,-0.23,9.79,359.94,-1.63,1.31,-0.00,-0.00,0.00
50,0.00,0.00,-0.38,-0.27,-0.23,9.79,359.94,-1.63,1.31,0.00,-0.00,0.00
50,0.00,0.00,-0.43,-0.27,-0.23,9.79,359.94,-1.63,1.31,-0.00,0.00,-0.00
50,0.03,0.00,-0.40,-0.27,-0.23,9.79,359.94,-1.63,1.31,0.00,-0.00,0.00
50,0.00,0.01,-0.41,-0.27,-0.23,9.79,359.94,-1.63,1.31,0.00,0.00,-0.00
50,0.00,0.00,-0.40,-0.27,-0.23,9.79,359.94,-1.63,1.31,-0.00,-0.00,-0.00
50,0.52,1.71,-0.40,-0.27,-0.23,9.79,359.94,-1.63,1.31,0.00,0.00,-0.04
50,-0.45,-3.93,-0.35,-0.26,-0.24,9.79,2.19,-1.56,1.37,0.00,0.00,-1.01
50,-0.07,-0.66,-0.46,-0.30,-0.24,9.79,3.00,-1.63,1.37,0.02,0.17,0.18
50,0.03,-0.07,-0.31,-0.37,-0.17,9.79,2.44,-2.13,1.06,0.18,0.15,0.26
50,0.85,-0.38,1.20,-0.49,-0.06,9.79,1.50,-2.69,0.69,0.22,0.26,0.32
50,-0.02,0.36,-0.94,-0.66,0.91,9.74,1.63,-3.69,-4.00,2.39,0.35,-0.11
50,1.50,-0.36,2.07,-0.93,1.71,9.60,2.38,-4.88,-9.31,1.41,0.92,-0.36
50,-0.76,0.29,-1.54,-1.74,2.36,9.35,3.56,-9.13,-13.25,1.59,1.84,-0.56
51,0.27,-0.73,-0.04,-2.27,3.06,9.03,3.44,-13.13,-17.69,1.66,0.92,0.30
50,0.39,-0.40,-0.46,-2.27,3.80,8.74,3.69,-13.50,-22.69,1.64,-0.22,-0.09
50,-0.32,-0.13,-0.73,-2.08,4.23,8.59,4.38,-12.31,-25.69,0.88,-0.51,0.03
50,-0.10,0.03,-0.13,-2.11,4.69,8.34,4.44,-12.56,-28.69,1.21,0.17,0.15
50,-0.51,-0.33,-0.52,-1.85,5.05,8.19,4.06,-11.25,-31.19,0.82,-0.54,0.34
50,-0.08,-0.69,-0.61,-1.69,5.43,7.98,2.56,-9.94,-33.69,0.82,0.18,0.70
50,-0.50,0.12,0.14,-1.66,5.77,7.74,1.12,-9.81,-36.13,0.80,0.29,0.55
50,0.35,-1.15,-0.90,-1.35,6.07,7.57,358.94,-8.38,-38.44,0.61,-0.19,1.01
50,-0.26,-0.17,-0.90,-1.14,6.19,7.51,356.56,-6.81,-39.19,0.18,0.16,0.71
50,-0.23,-0.32,-0.17,-0.98,6.45,7.31,354.63,-6.06,-41.00,0.69,0.21,0.81
50,0.86,-0.20,-0.53,-0.66,6.65,7.17,351.56,-4.19,-42.44,0.46,0.10,1.10
50,0.75,-0.39,-0.19,-0.58,6.95,6.88,349.75,-3.44,-44.69,1.11,0.24,0.35
50,-0.16,-0.11,-0.90,-0.57,7.08,6.75,348.56,-3.31,-46.31,0.20,0.12,0.29
50,0.29,-0.29,-0.86,-0.48,7.14,6.69,347.81,-2.75,-46.88,0.35,0.04,0.28
50,0.73,-0.92,-1.58,-0.41,7.19,6.64,347.06,-2.38,-47.25,-0.21,-0.04,0.09
50,-0.42,-0.35,-0.44,-0.51,7.07,6.77,346.69,-3.00,-46.19,-0.46,0.55,0.10
50,0.00,-0.60,-0.92,-0.54,6.94,6.90,345.63,-3.19,-45.13,-0.35,0.13,0.19
50,-0.01,-0.73,-1.05,-0.56,6.75,7.08,344.94,-3.31,-43.63,-0.47,0.22,0.16
50,0.51,-1.29,-1.82,-0.57,6.64,7.18,344.31,-3.31,-42.75,-0.43,0.11,0.14
50,-0.26,-0.42,-1.31,-0.64,6.33,7.45,343.94,-3.75,-40.31,-1.01,0.20,0.05
50,0.17,-0.54,-1.57,-0.67,5.93,7.77,343.44,-3.88,-37.31,-1.18,0.21,0.05
50,-0.59,0.15,-0.55,-0.89,5.53,8.04,342.81,-5.25,-34.50,-0.98,0.61,0.09
50,0.33,-0.19,-0.21,-1.03,5.18,8.25,341.81,-6.06,-32.13,-0.94,0.53,0.15
50,0.42,-0.21,-0.23,-1.27,4.70,8.51,341.38,-7.44,-28.87,-1.33,0.59,-0.19
50,-0.38,-0.39,-2.06,-1.98,4.27,8.60,340.94,-11.63,-26.37,-0.96,1.15,0.03
50,0.93,-0.31,-2.58,-2.06,3.75,8.82,341.19,-12.13,-23.00,-1.39,0.68,-0.51
50,-1.00,-0.36,2.69,-2.76,3.27,8.82,341.44,-16.31,-20.37,-0.72,1.36,-0.29
50,0.11,0.22,-0.68,-2.87,2.94,8.90,341.13,-17.06,-18.25,-0.87,-0.41,0.02
50,-2.21,-0.36,0.46,-2.79,2.60,9.03,340.81,-16.50,-16.06,-1.01,-0.11,0.09
51,-0.30,-0.29,-0.94,-2.67,2.41,9.12,340.56,-15.81,-14.75,-0.31,0.04,0.12
50,0.10,-0.41,-1.23,-2.57,2.22,9.19,339.69,-15.19,-13.56,-0.74,-0.36,0.23
50,0.03,-0.16,-1.01,-2.23,1.80,9.37,339.50,-13.13,-10.88,-0.98,-1.03,-0.12
50,0.12,-0.31,-0.25,-1.65,1.36,9.56,339.88,-9.69,-8.06,-0.81,-1.39,-0.13
50,1.12,0.16,3.73,-1.01,1.16,9.68,340.19,-5.94,-6.81,-0.31,-1.27,0.05
50,0.43,-0.21,-0.75,-0.92,0.67,9.73,339.69,-5.44,-3.94,-1.11,-0.12,-0.03
50,0.48,-0.03,1.24,-0.84,0.16,9.76,339.63,-4.88,-0.94,-0.53,-0.14,-0.06
50,0.02,-0.29,-0.50,-0.82,0.14,9.77,339.69,-4.81,-0.81,-0.20,-0.09,0.15
50,0.28,0.17,-0.25,-0.76,0.00,9.77,339.13,-4.44,0.00,-0.27,-0.13,0.17
50,-0.02,-0.07,-0.53,-0.73,-0.02,9.77,339.13,-4.25,0.12,0.00,-0.05,-0.10
50,0.02,-0.22,-0.31,-0.71,-0.03,9.78,339.63,-4.13,0.12,0.00,-0.05,-0.10
50,0.11,-0.22,-0.56,-0.68,-0.03,9.78,339.50,-4.00,0.19,0.00,-0.05,0.11
50,-0.03,-0.02,-0.29,-0.64,-0.05,9.78,339.06,-3.75,0.25,-0.02,-0.08,0.10
50,0.03,-0.18,-0.59,-0.60,-0.06,9.78,339.25,-3.56,0.31,0.03,-0.08,-0.10
50,1.25,0.87,6.60,-0.35,-0.05,9.80,339.06,-2.06,0.31,0.02,-1.76,-0.03
50,0.07,0.33,-0.45,-0.29,-0.05,9.80,339.13,-1.69,0.25,-0.00,0.00,0.04
50,0.04,-0.16,-0.42,-0.29,-0.05,9.80,339.13,-1.69,0.31,0.00,0.00,-0.00
50,0.05,-0.14,-0.41,-0.29,-0.05,9.80,339.13,-1.69,0.31,0.00,0.00,0.00
50,0.06,-0.17,-0.40,-0.29,-0.06,9.80,339.13,-1.69,0.31,0.00,0.00,0.00
50,0.05,-0.12,-0.39,-0.29,-0.06,9.80,339.13,-1.69,0.37,0.00,0.00,-0.00
50,0.06,-0.12,-0.42,-0.28,-0.07,9.80,339.13,-1.69,0.37,0.00,0.00,0.00
50,0.02,-0.14,-0.41,-0.28,-0.07,9.80,339.13,-1.69,0.44,0.01,0.00,-0.00
50,0.06,-0.12,-0.42,-0.28,-0.07,9.80,339.13,-1.63,0.44,0.00,0.00,-0.00
50,0.05,-0.14,-0.41,-0.28,-0.08,9.80,339.13,-1.63,0.44,0.00,-0.00,0.00
50,0.04,-0.12,-0.39,-0.28,-0.08,9.80,339.13,-1.63,0.50,0.00,0.00,0.00
50,0.02,-0.10,-0.43,-0.28,-0.08,9.80,339.13,-1.63,0.50,-0.00,-0.00,-0.00
50,0.06,-0.09,-0.42,-0.28,-0.09,9.80,339.13,-1.63,0.50,0.00,-0.00,0.00
50,0.02,-0.11,-0.43,-0.28,-0.09,9.80,339.13,-1.63,0.50,0.00,0.01,-0.00
50,0.02,-0.11,-0.42,-0.28,-0.09,9.80,339.13,-1.63,0.56,0.00,0.00,0.00
50,0.04,-0.12,-0.40,-0.28,-0.10,9.80,339.13,-1.63,0.56,0.00,0.00,0.00
50,0.04,-0.08,-0.40,-0.28,-0.10,9.80,339.13,-1.63,0.56,-0.00,-0.00,0.00
50,0.03,-0.08,-0.41,-0.28,-0.10,9.80,339.13,-1.63,0.56,-0.00,0.00,0.00
50,0.05,-0.11,-0.41,-0.28,-0.10,9.80,339.13,-1.63,0.63,0.00,-0.00,0.00
50,0.02,-0.09,-0.41,-0.28,-0.10,9.80,339.13,-1.63,0.63,0.00,0.00,0.00
50,0.03,-0.08,-0.42,-0.27,-0.11,9.80,339.13,-1.63,0.63,0.00,0.00,0.00
50,0.03,-0.09,-0.41,-0.27,-0.11,9.80,339.13,-1.63,0.63,0.00,-0.00,0.00
50,0.04,-0.10,-0.42,-0.27,-0.11,9.80,339.13,-1.63,0.63,0.00,-0.00,-0.00
50,0.02,-0.09,-0.37,-0.27,-0.11,9.80,339.13,-1.63,0.63,0.00,-0.00,-0.00
50,0.02,-0.11,-0.39,-0.27,-0.11,9.80,339.13,-1.63,0.63,0.01,0.01,-0.00
50,0.05,-0.06,-0.42,-0.27,-0.11,9.80,339.13,-1.63,0.63,0.00,-0.00,0.00
50,0.04,-0.08,-0.41,-0.27,-0.11,9.80,339.13,-1.63,0.63,0.00,0.00,0.00
50,0.03,-0.10,-0.42,-0.27,-0.11,9.80,339.13,-1.63,0.63,-0.00,-0.00,0.00
50,0.04,-0.10,-0.39,-0.27,-0.11,9.80,339.13,-1.63,0.63,-0.00,-0.00,0.00
50,0.03,-0.09,-0.40,-0.27,-0.11,9.80,339.13,-1.63,0.63,0.00,-0.00,0.00
50,0.03,-0.08,-0.40,-0.27,-0.11,9.80,339.13,-1.63,0.63,0.00,-0.00,0.00
50,0.01,-0.09,-0.40,-0.27,-0.11,9.80,339.13,-1.63,0.63,-0.00,-0.00,0.00
50,0.03,-0.10,-0.37,-0.27,-0.11,9.80,339.13,-1.63,0.63,0.00,-0.00,0.00
50,0.05,-0.08,-0.40,-0.27,-0.11,9.80,339.13,-1.63,0.63,-0.00,-0.00,0.00
50,0.01,-0.08,-0.39,-0.27,-0.11,9.80,339.13,-1.63,0.63,0.00,-0.00,-0.00
50,0.03,-0.11,-0.44,-0.27,-0.11,9.80,339.13,-1.63,0.63,-0.00,-0.01,0.00
50,0.02,-0.09,-0.43,-0.27,-0.11,9.80,339.13,-1.63,0.63,-0.00,-0.00,0.00
50,0.05,-0.10,-0.42,-0.27,-0.11,9.80,339.13,-1.63,0.63,0.00,0.00,0.00
50,0.04,-0.09,-0.40,-0.27,-0.11,9.80,339.13,-1.63,0.63,-0.00,0.01,0.00
50,0.02,-0.10,-0.41,-0.27,-0.11,9.80,339.13,-1.63,0.63,0.00,-0.00,-0.00
50,0.03,-0.09,-0.40,-0.27,-0.11,9.80,339.13,-1.63,0.63,0.00,-0.00,-0.00
50,0.05,-0.11,-0.40,-0.27,-0.11,9.80,339.13,-1.63,0.63,0.00,0.00,-0.00
50,0.03,-0.09,-0.42,-0.27,-0.11,9.80,339.13,-1.63,0.63,-0.00,-0.00,0.00
50,0.03,-0.08,-0.39,-0.27,-0.11,9.80,339.13,-1.63,0.63,-0.00,-0.00,0.00
51,0.00,-0.08,-0.41,-0.27,-0.11,9.80,339.13,-1.63,0.63,-0.00,0.00,0.00
50,0.05,-0.08,-0.43,-0.27,-0.11,9.80,339.13,-1.63,0.63,0.00,0.00,-0.00
50,0.04,-0.08,-0.43,-0.27,-0.11,9.80,339.13,-1.63,0.63,-0.00,0.00,0.00
50,0.04,-0.08,-0.40,-0.27,-0.11,9.80,339.13,-1.63,0.63,-0.00,0.00,0.00
50,0.02,-0.10,-0.40,-0.27,-0.11,9.80,339.13,-1.63,0.63,-0.00,0.00,-0.00
50,0.04,-0.09,-0.42,-0.27,-0.11,9.80,339.13,-1.63,0.63,-0.00,0.00,0.00
50,0.03,-0.09,-0.43,-0.27,-0.11,9.80,339.13,-1.63,0.63,-0.00,0.00,0.00
50,0.04,-0.06,-0.42,-0.27,-0.11,9.80,339.13,-1.63,0.63,-0.00,0.00,0.00
50,0.03,-0.09,-0.39,-0.27,-0.11,9.80,339.13,-1.63,0.63,-0.00,-0.00,-0.00
50,0.04,-0.11,-0.41,-0.27,-0.11,9.80,339.13,-1.63,0.63,-0.01,-0.01,0.00
50,0.03,-0.08,-0.41,-0.27,-0.11,9.80,339.13,-1.63,0.63,0.00,0.00,0.00
50,0.03,-0.09,-0.42,-0.27,-0.11,9.80,339.13,-1.63,0.63,-0.00,-0.00,0.00
50,0.03,-0.08,-0.40,-0.27,-0.11,9.80,339.13,-1.63,0.63,0.00,0.00,0.00
50,0.04,-0.09,-0.42,-0.27,-0.11,9.80,339.13,-1.63,0.63,-0.00,-0.00,0.00
50,0.05,-0.11,-0.41,-0.27,-0.11,9.80,339.13,-1.63,0.63,0.00,0.00,-0.00
50,0.04,-0.10,-0.41,-0.27,-0.11,9.80,339.13,-1.63,0.63,0.00,0.00,-0.00
50,0.04,-0.12,-0.42,-0.27,-0.11,9.80,339.13,-1.63,0.63,0.00,0.00,0.00
50,0.05,-0.09,-0.43,-0.27,-0.11,9.80,339.13,-1.63,0.63,0.00,-0.00,-0.00
50,0.03,-0.07,-0.43,-0.27,-0.11,9.80,339.13,-1.63,0.63,0.00,-0.00,0.00
50,0.02,-0.12,-0.43,-0.27,-0.11,9.80,339.13,-1.63,0.63,-0.00,-0.00,0.00
50,0.03,-0.07,-0.45,-0.27,-0.11,9.80,339.13,-1.63,0.63,-0.00,-0.01,-0.00
50,0.04,-0.09,-0.40,-0.27,-0.11,9.80,339.13,-1.63,0.63,-0.00,-0.00,0.00
50,0.01,-0.08,-0.42,-0.27,-0.11,9.80,339.13,-1.63,0.63,-0.00,-0.00,0.00
50,0.04,-0.11,-0.43,-0.27,-0.11,9.80,339.13,-1.63,0.63,-0.00,-0.00,-0.00
50,0.02,-0.08,-0.41,-0.27,-0.11,9.80,339.13,-1.63,0.63,0.01,0.00,-0.00
50,0.04,-0.09,-0.44,-0.27,-0.11,9.80,339.13,-1.63,0.63,-0.00,0.00,0.00
50,0.03,-0.10,-0.42,-0.27,-0.11,9.80,339.13,-1.63,0.63,0.00,-0.00,0.00
50,0.03,-0.06,-0.43,-0.27,-0.11,9.80,339.13,-1.63,0.63,0.00,0.00,-0.00
50,0.03,-0.10,-0.44,-0.27,-0.11,9.80,339.13,-1.63,0.63,0.00,-0.00,0.00
51,0.04,-0.09,-0.45,-0.27,-0.11,9.80,339.13,-1.63,0.63,0.00,0.00,-0.00
50,0.02,-0.08,-0.41,-0.27,-0.11,9.80,339.13,-1.63,0.63,0.00,0.01,-0.00
50,0.02,-0.08,-0.40,-0.27,-0.11,9.80,339.13,-1.63,0.63,-0.00,-0.00,-0.00
50,0.03,-0.09,-0.40,-0.27,-0.11,9.80,339.13,-1.63,0.63,0.00,0.00,-0.00
50,0.03,-0.09,-0.43,-0.27,-0.11,9.80,339.13,-1.63,0.63,-0.00,-0.01,0.00
50,0.02,-0.08,-0.40,-0.27,-0.11,9.80,339.13,-1.63,0.63,-0.00,-0.00,0.00
50,0.03,-0.07,-0.39,-0.27,-0.11,9.80,339.13,-1.63,0.63,-0.00,-0.00,0.00
50,0.02,-0.10,-0.39,-0.27,-0.11,9.80,339.13,-1.63,0.63,0.00,-0.00,0.00
50,0.03,-0.09,-0.39,-0.27,-0.11,9.80,339.13,-1.63,0.63,0.00,0.00,0.00
50,0.01,-0.10,-0.40,-0.27,-0.11,9.80,339.13,-1.63,0.63,0.00,0.00,0.00
50,0.03,-0.10,-0.40,-0.27,-0.11,9.80,339.13,-1.63,0.63,0.00,-0.00,0.00
50,0.03,-0.11,-0.41,-0.27,-0.11,9.80,339.13,-1.63,0.63,0.00,-0.00,0.00
50,0.04,-0.10,-0.41,-0.27,-0.11,9.80,339.13,-1.63,0.63,-0.00,-0.00,0.00
50,0.01,-0.10,-0.40,-0.27,-0.11,9.80,339.13,-1.63,0.63,-0.00,-0.00,-0.00
50,0.02,-0.09,-0.40,-0.27,-0.11,9.80,339.13,-1.63,0.63,-0.00,0.00,0.00
50,0.03,-0.08,-0.41,-0.27,-0.11,9.80,339.13,-1.63,0.63,-0.00,0.00,0.00
50,0.02,-0.09,-0.38,-0.27,-0.11,9.80,339.13,-1.63,0.63,0.00,0.00,-0.00
50,0.03,-0.10,-0.43,-0.27,-0.11,9.80,339.13,-1.63,0.63,0.00,0.00,0.00
50,0.05,-0.09,-0.44,-0.27,-0.11,9.80,339.13,-1.63,0.63,-0.00,0.00,-0.00
50,0.04,-0.07,-0.41,-0.27,-0.11,9.80,339.13,-1.63,0.63,-0.00,0.00,0.00
50,0.04,-0.09,-0.42,-0.27,-0.11,9.80,339.13,-1.63,0.63,0.01,0.00,0.00
50,0.03,-0.11,-0.40,-0.27,-0.11,9.80,339.13,-1.63,0.63,-0.00,-0.00,-0.00
50,0.02,-0.09,-0.41,-0.27,-0.11,9.80,339.13,-1.63,0.63,-0.00,-0.00,-0.00
50,0.03,-0.08,-0.42,-0.27,-0.11,9.80,339.13,-1.63,0.63,0.00,0.00,0.00
50,0.05,-0.07,-0.41,-0.27,-0.11,9.80,339.13,-1.63,0.63,0.00,0.01,0.00
50,0.03,-0.08,-0.43,-0.27,-0.11,9.80,339.13,-1.63,0.63,-0.00,-0.00,-0.00
50,0.03,-0.11,-0.42,-0.27,-0.11,9.80,339.13,-1.63,0.63,0.00,0.00,0.00
50,0.02,-0.07,-0.44,-0.27,-0.11,9.80,339.13,-1.63,0.63,0.00,0.01,0.00
50,0.03,-0.10,-0.46,-0.27,-0.11,9.80,339.13,-1.63,0.63,-0.00,-0.00,0.00
50,0.03,-0.08,-0.40,-0.27,-0.11,9.80,339.13,-1.63,0.63,0.00,0.00,0.00
50,0.05,-0.09,-0.41,-0.27,-0.11,9.80,339.13,-1.63,0.63,0.01,0.01,-0.00
50,0.03,-0.07,-0.42,-0.27,-0.11,9.80,339.13,-1.63,0.63,0.00,0.00,-0.00
50,0.05,-0.09,-0.42,-0.27,-0.11,9.80,339.13,-1.63,0.63,0.00,0.01,0.00
50,0.03,-0.08,-0.45,-0.27,-0.11,9.80,339.13,-1.63,0.63,0.00,-0.00,-0.00
50,0.02,-0.10,-0.40,-0.27,-0.11,9.80,339.13,-1.63,0.63,-0.00,0.00,0.00
50,0.04,-0.10,-0.40,-0.27,-0.11,9.80,339.13,-1.63,0.63,0.00,-0.00,-0.00
50,0.03,-0.07,-0.41,-0.27,-0.11,9.80,339.13,-1.63,0.63,0.00,0.00,0.00
50,0.04,-0.08,-0.41,-0.27,-0.11,9.80,339.13,-1.63,0.63,-0.00,-0.00,-0.00
50,0.03,-0.10,-0.42,-0.27,-0.11,9.80,339.13,-1.63,0.63,-0.00,-0.00,0.00
50,0.03,-0.08,-0.39,-0.27,-0.11,9.80,339.13,-1.63,0.63,-0.00,-0.01,-0.00
50,0.03,-0.11,-0.42,-0.27,-0.11,9.80,339.13,-1.63,0.63,0.01,0.00,0.00
50,0.03,-0.08,-0.41,-0.27,-0.11,9.80,339.13,-1.63,0.63,-0.00,-0.01,-0.00
50,0.04,-0.10,-0.45,-0.27,-0.11,9.80,339.13,-1.63,0.63,0.00,0.00,0.00
50,0.02,-0.11,-0.41,-0.27,-0.11,9.80,339.13,-1.63,0.63,-0.00,-0.00,-0.00
50,0.03,-0.11,-0.43,-0.27,-0.11,9.80,339.13,-1.63,0.63,-0.00,0.00,-0.00
50,0.03,-0.09,-0.40,-0.27,-0.11,9.80,339.13,-1.63,0.63,-0.00,0.00,0.00
50,0.03,-0.08,-0.39,-0.27,-0.11,9.80,339.13,-1.63,0.63,-0.00,0.00,0.00
50,0.04,-0.10,-0.45,-0.27,-0.11,9.80,339.13,-1.63,0.63,-0.00,0.01,0.00
50,0.03,-0.09,-0.41,-0.27,-0.11,9.80,339.13,-1.63,0.63,0.00,0.00,0.00
50,0.03,-0.07,-0.44,-0.27,-0.11,9.80,339.13,-1.63,0.63,-0.00,-0.00,0.00
50,0.04,-0.07,-0.40,-0.27,-0.11,9.80,339.13,-1.63,0.63,-0.00,-0.01,0.00
50,0.04,-0.11,-0.41,-0.27,-0.11,9.80,339.13,-1.63,0.63,-0.00,0.00,0.00
50,0.03,-0.08,-0.42,-0.27,-0.11,9.80,339.13,-1.63,0.63,-0.00,0.00,0.00
50,0.01,-0.10,-0.41,-0.27,-0.11,9.80,339.13,-1.63,0.63,0.00,0.00,0.00
50,0.03,-0.09,-0.41,-0.27,-0.11,9.80,339.13,-1.63,0.63,-0.00,-0.00,-0.00
50,0.02,-0.10,-0.41,-0.27,-0.11,9.80,339.13,-1.63,0.63,0.00,-0.00,-0.00
50,0.04,-0.09,-0.41,-0.27,-0.11,9.80,339.13,-1.63,0.63,-0.00,0.00,-0.00
50,0.03,-0.09,-0.43,-0.27,-0.11,9.80,339.13,-1.63,0.63,0.00,0.00,-0.00
51,0.04,-0.09,-0.41,-0.27,-0.11,9.80,339.13,-1.63,0.63,-0.01,0.00,-0.00
50,0.04,-0.09,-0.42,-0.27,-0.11,9.80,339.13,-1.63,0.63,-0.01,0.00,-0.00
50,0.04,-0.09,-0.42,-0.27,-0.11,9.80,339.13,-1.63,0.63,-0.00,-0.00,-0.00
50,0.03,-0.10,-0.41,-0.27,-0.11,9.80,339.13,-1.63,0.63,0.00,0.00,0.00
50,0.03,-0.12,-0.41,-0.27,-0.11,9.80,339.13,-1.63,0.63,0.00,0.00,0.00
50,0.02,-0.07,-0.41,-0.27,-0.11,9.80,339.13,-1.63,0.63,0.00,0.00,0.00
50,0.01,-0.09,-0.40,-0.27,-0.11,9.80,339.13,-1.63,0.63,-0.00,-0.00,-0.00
50,0.03,-0.09,-0.43,-0.27,-0.11,9.80,339.13,-1.63,0.63,-0.00,0.00,0.00
50,0.02,-0.09,-0.42,-0.27,-0.11,9.80,339.13,-1.63,0.63,0.00,0.00,0.00
50,0.02,-0.09,-0.43,-0.27,-0.11,9.80,339.13,-1.63,0.63,0.00,0.00,0.00
50,0.03,-0.09,-0.45,-0.27,-0.11,9.80,339.13,-1.63,0.63,0.00,-0.00,0.00
50,0.03,-0.10,-0.41,-0.27,-0.11,9.80,339.13,-1.63,0.63,0.00,0.00,0.00
50,0.03,-0.09,-0.42,-0.27,-0.11,9.80,339.13,-1.63,0.63,0.00,-0.00,0.00
50,0.03,-0.09,-0.40,-0.27,-0.11,9.80,339.13,-1.63,0.63,-0.00,-0.00,-0.00
50,0.01,-0.08,-0.43,-0.27,-0.11,9.80,339.13,-1.63,0.63,0.00,-0.00,-0.00
50,0.02,-0.10,-0.42,-0.27,-0.11,9.80,339.13,-1.63,0.63,-0.00,-0.00,-0.00
50,0.03,-0.10,-0.41,-0.27,-0.11,9.80,339.13,-1.63,0.63,-0.01,0.00,0.00
50,0.03,-0.11,-0.42,-0.27,-0.11,9.80,339.13,-1.63,0.63,-0.00,0.00,0.00
50,0.02,-0.09,-0.44,-0.27,-0.11,9.80,339.13,-1.63,0.63,0.00,-0.00,0.00
50,0.04,-0.08,-0.42,-0.27,-0.11,9.80,339.13,-1.63,0.63,0.00,-0.00,-0.00
50,0.02,-0.09,-0.41,-0.27,-0.11,9.80,339.13,-1.63,0.63,0.00,0.00,-0.00
50,0.02,-0.07,-0.42,-0.27,-0.11,9.80,339.13,-1.63,0.63,0.00,0.00,0.00
50,0.04,-0.10,-0.42,-0.27,-0.11,9.80,339.13,-1.63,0.63,0.00,0.00,0.00
50,0.03,-0.10,-0.43,-0.27,-0.11,9.80,339.13,-1.63,0.63,0.00,0.00,0.00
50,0.03,-0.10,-0.43,-0.27,-0.11,9.80,339.13,-1.63,0.63,0.00,-0.00,0.00
50,0.05,-0.07,-0.42,-0.27,-0.11,9.80,339.13,-1.63,0.63,0.00,0.00,0.00
50,0.03,-0.10,-0.42,-0.27,-0.11,9.80,339.13,-1.63,0.63,0.00,0.00,0.00
50,0.02,-0.09,-0.40,-0.27,-0.11,9.80,339.13,-1.63,0.63,0.00,0.00,-0.00
50,0.03,-0.06,-0.40,-0.27,-0.11,9.80,339.13,-1.63,0.63,0.00,-0.00,0.00
51,0.05,-0.09,-0.38,-0.27,-0.11,9.80,339.13,-1.63,0.63,-0.00,0.00,0.00
50,0.04,-0.09,-0.42,-0.27,-0.11,9.80,339.13,-1.63,0.63,0.00,-0.00,-0.00
50,0.03,-0.09,-0.40,-0.27,-0.11,9.80,339.13,-1.63,0.63,0.00,-0.00,-0.00
50,0.04,-0.09,-0.41,-0.27,-0.11,9.80,339.13,-1.63,0.63,-0.00,0.00,0.00
50,0.03,-0.09,-0.40,-0.27,-0.11,9.80,339.13,-1.63,0.63,0.00,0.00,-0.00
50,0.03,-0.10,-0.43,-0.27,-0.11,9.80,339.13,-1.63,0.63,-0.00,0.00,-0.00
50,0.02,-0.10,-0.41,-0.27,-0.11,9.80,339.13,-1.63,0.63,-0.00,0.00,-0.00
50,0.03,-0.09,-0.45,-0.27,-0.11,9.80,339.13,-1.63,0.63,-0.00,-0.00,0.00
50,0.03,-0.09,-0.38,-0.27,-0.11,9.80,339.13,-1.63,0.63,-0.00,-0.00,0.00
50,0.05,-0.09,-0.44,-0.27,-0.11,9.80,339.13,-1.63,0.63,-0.00,-0.00,0.00
50,0.02,-0.07,-0.40,-0.27,-0.11,9.80,339.13,-1.63,0.63,-0.00,0.00,0.00
50,0.02,-0.08,-0.39,-0.27,-0.11,9.80,339.13,-1.63,0.63,0.00,0.00,0.00
50,0.03,-0.11,-0.43,-0.27,-0.11,9.80,339.13,-1.63,0.63,0.01,0.00,-0.00
50,0.02,-0.11,-0.42,-0.27,-0.11,9.80,339.13,-1.63,0.63,-0.00,-0.00,0.00
50,0.02,-0.11,-0.43,-0.27,-0.11,9.80,339.13,-1.63,0.63,-0.00,-0.00,0.00
50,0.04,-0.09,-0.41,-0.27,-0.11,9.80,339.13,-1.63,0.63,-0.00,-0.00,0.00
50,0.03,-0.11,-0.39,-0.27,-0.11,9.80,339.13,-1.63,0.63,0.00,-0.00,0.00
50,0.03,-0.11,-0.43,-0.27,-0.11,9.80,339.13,-1.63,0.63,0.01,0.00,-0.00
50,0.02,-0.11,-0.39,-0.27,-0.11,9.80,339.13,-1.63,0.63,-0.00,0.00,0.00
50,0.03,-0.10,-0.40,-0.27,-0.11,9.80,339.13,-1.63,0.63,0.00,-0.00,0.00
50,0.04,-0.09,-0.42,-0.27,-0.11,9.80,339.13,-1.63,0.63,0.00,0.00,0.00
50,0.02,-0.11,-0.40,-0.27,-0.11,9.80,339.13,-1.63,0.63,0.00,0.00,0.00
50,0.01,-0.08,-0.39,-0.27,-0.11,9.80,339.13,-1.63,0.63,-0.00,0.01,0.00
50,0.01,-0.08,-0.40,-0.27,-0.11,9.80,339.13,-1.63,0.63,-0.00,0.00,0.00
50,0.02,-0.09,-0.37,-0.27,-0.11,9.80,339.13,-1.63,0.63,0.00,-0.00,0.00
50,0.02,-0.10,-0.38,-0.27,-0.11,9.80,339.13,-1.63,0.63,0.00,0.00,0.00
50,0.04,-0.11,-0.43,-0.27,-0.11,9.80,339.13,-1.63,0.63,0.00,0.00,-0.00
50,0.05,-0.06,-0.39,-0.27,-0.11,9.80,339.13,-1.63,0.63,0.01,0.00,0.00
50,0.03,-0.08,-0.40,-0.27,-0.11,9.80,339.13,-1.63,0.63,0.00,-0.00,-0.00
50,0.01,-0.07,-0.40,-0.27,-0.11,9.80,339.13,-1.63,0.63,0.00,0.00,-0.00
50,0.03,-0.09,-0.43,-0.27,-0.11,9.80,339.13,-1.63,0.63,-0.00,-0.00,0.00
50,0.02,-0.08,-0.39,-0.27,-0.11,9.80,339.13,-1.63,0.63,0.00,-0.01,0.00
50,0.02,-0.06,-0.41,-0.27,-0.11,9.80,339.13,-1.63,0.63,0.00,-0.00,-0.00
50,0.04,-0.10,-0.44,-0.27,-0.11,9.80,339.13,-1.63,0.63,-0.00,-0.00,0.00
50,0.03,-0.10,-0.44,-0.27,-0.11,9.80,339.13,-1.63,0.63,-0.00,0.00,-0.00
50,0.02,-0.09,-0.42,-0.27,-0.11,9.80,339.13,-1.63,0.63,0.00,0.00,-0.00
50,0.02,-0.08,-0.43,-0.27,-0.11,9.80,339.13,-1.63,0.63,-0.00,-0.01,0.00
50,0.04,-0.11,-0.42,-0.27,-0.11,9.80,339.13,-1.63,0.63,-0.00,-0.00,0.00
50,0.04,-0.10,-0.44,-0.27,-0.11,9.80,339.13,-1.63,0.63,-0.00,0.00,0.00
50,0.03,-0.09,-0.43,-0.27,-0.11,9.80,339.13,-1.63,0.63,0.00,0.00,-0.00
50,0.02,-0.10,-0.39,-0.27,-0.11,9.80,339.13,-1.63,0.63,0.01,0.00,0.00
50,0.07,-0.07,-0.41,-0.27,-0.11,9.80,339.13,-1.63,0.63,0.01,0.00,0.00
50,0.07,-0.07,-0.40,-0.27,-0.11,9.80,339.13,-1.63,0.63,0.00,-0.00,0.00
50,0.03,-0.08,-0.43,-0.27,-0.11,9.80,339.13,-1.63,0.63,-0.00,0.00,0.00
50,0.02,-0.09,-0.40,-0.27,-0.11,9.80,339.13,-1.63,0.63,0.00,-0.00,0.00
50,0.03,-0.10,-0.41,-0.27,-0.11,9.80,339.13,-1.63,0.63,0.00,0.01,0.00
50,0.04,-0.10,-0.45,-0.27,-0.11,9.80,339.13,-1.63,0.63,0.00,0.01,0.00
50,0.03,-0.09,-0.40,-0.27,-0.11,9.80,339.13,-1.63,0.63,0.00,0.00,0.00
50,0.03,-0.13,-0.41,-0.27,-0.11,9.80,339.13,-1.63,0.63,0.00,-0.00,0.00
50,0.03,-0.11,-0.43,-0.27,-0.11,9.80,339.13,-1.63,0.63,-0.00,0.00,0.00
50,0.03,-0.08,-0.41,-0.27,-0.11,9.80,339.13,-1.63,0.63,-0.00,0.00,-0.00
50,0.05,-0.08,-0.42,-0.27,-0.11,9.80,339.13,-1.63,0.63,0.00,0.00,-0.00
50,0.04,-0.10,-0.41,-0.27,-0.11,9.80,339.13,-1.63,0.63,0.00,0.00,-0.00
50,0.02,-0.09,-0.40,-0.27,-0.11,9.80,339.13,-1.63,0.63,0.00,0.00,-0.00
50,0.03,-0.09,-0.41,-0.27,-0.11,9.80,339.13,-1.63,0.63,0.00,0.00,0.00
50,0.03,-0.08,-0.40,-0.27,-0.11,9.80,339.13,-1.63,0.63,0.00,0.00,0.00
50,0.03,-0.06,-0.40,-0.27,-0.11,9.80,339.13,-1.63,0.63,-0.00,-0.00,0.00
50,0.03,-0.09,-0.40,-0.27,-0.11,9.80,339.13,-1.63,0.63,-0.00,-0.00,0.00
51,0.04,-0.10,-0.42,-0.27,-0.11,9.80,339.13,-1.63,0.63,0.00,0.00,0.00
50,0.03,-0.10,-0.41,-0.27,-0.11,9.80,339.13,-1.63,0.63,-0.01,-0.00,-0.00
50,0.00,-0.07,-0.41,-0.27,-0.11,9.80,339.13,-1.63,0.63,0.00,-0.00,-0.00
50,0.02,-0.10,-0.41,-0.27,-0.11,9.80,339.13,-1.63,0.63,0.00,0.00,-0.00
50,0.18,-0.02,-0.41,-0.27,-0.11,9.80,339.44,-1.63,0.63,-0.01,0.00,-0.10
50,-0.39,-1.92,0.72,-0.27,-0.11,9.80,340.19,-1.63,0.69,-0.01,0.02,-0.48
50,-0.13,2.77,0.71,-0.45,-0.11,9.79,340.25,-2.63,0.63,0.04,0.55,0.31
50,-0.19,-1.96,5.63,-0.96,0.43,9.74,343.13,-5.63,-2.50,1.54,1.92,-1.57
50,-1.84,-0.99,-4.82,-2.43,0.54,9.48,344.13,-14.31,-3.25,0.26,1.87,0.18
50,1.29,-0.42,0.13,-2.03,0.63,9.57,344.13,-11.94,-3.75,0.14,-1.14,-0.05
50,0.69,-0.75,0.39,-1.54,0.88,9.64,344.19,-9.00,-5.25,0.42,-1.29,0.09
50,-0.10,-0.38,-3.26,-0.97,1.14,9.69,344.13,-5.69,-6.69,0.88,-1.16,0.33
50,-0.59,0.58,-2.50,-0.72,1.36,9.68,343.56,-4.19,-8.00,-0.19,-0.07,0.13
50,0.36,1.13,-2.61,-0.34,1.13,9.73,343.25,-2.00,-6.63,-0.19,-0.75,0.10
50,0.78,-0.61,-4.87,-0.18,1.16,9.73,343.06,-1.06,-6.81,-0.25,-0.18,-0.06
50,0.19,-0.73,-1.66,-0.68,0.99,9.73,343.56,-4.00,-5.81,-0.21,1.92,-0.31
50,-3.49,0.07,9.23,-1.66,0.68,9.63,344.31,-9.75,-4.00,-1.07,1.47,-0.46
50,-2.03,1.65,3.05,-1.33,0.52,9.70,344.63,-7.81,-3.06,0.50,-2.32,0.26
50,0.27,0.60,-2.44,-0.43,0.85,9.75,344.00,-2.50,-4.94,0.35,-1.21,0.27
50,1.02,-0.86,-3.27,0.21,0.80,9.77,343.50,1.19,-4.69,-0.32,-0.82,0.31
50,1.26,-1.35,-2.37,0.31,0.57,9.78,343.13,1.81,-3.38,-0.44,0.30,-0.08
50,-0.66,-0.06,1.25,0.05,0.48,9.79,343.63,0.25,-2.75,-0.06,0.36,-0.16
50,0.17,0.44,-0.82,0.00,0.49,9.79,343.88,0.00,-2.88,0.03,-0.06,-0.11
50,0.01,0.13,-0.41,-0.04,0.47,9.79,344.13,-0.25,-2.75,-0.11,0.21,-0.06
50,-0.18,-0.12,0.35,-0.12,0.38,9.79,344.38,-0.69,-2.25,-0.21,-0.05,-0.12
50,0.43,-0.43,-1.03,-0.08,0.35,9.79,344.50,-0.44,-2.06,0.01,-0.01,-0.03
50,-0.10,0.13,0.14,-0.14,0.30,9.80,344.69,-0.81,-1.75,-0.11,0.22,-0.06
50,0.30,-0.04,-0.60,-0.17,0.27,9.80,344.69,-1.00,-1.56,-0.10,-0.04,0.02
50,0.11,-0.10,0.06,-0.20,0.21,9.80,344.69,-1.19,-1.19,-0.14,0.08,-0.02
51,0.03,0.13,-0.29,-0.21,0.12,9.80,344.69,-1.25,-0.69,-0.20,-0.06,0.03
50,0.14,-0.08,-0.49,-0.19,0.09,9.80,344.50,-1.12,-0.56,-0.06,-0.03,0.05
50,0.02,-0.08,-0.35,-0.18,0.05,9.80,344.50,-1.06,-0.31,-0.06,-0.01,-0.02
50,0.23,-0.10,-0.76,-0.15,-0.01,9.80,344.56,-0.88,0.06,-0.18,0.01,-0.04
50,0.03,0.00,-0.23,-0.20,-0.14,9.80,344.69,-1.12,0.81,-0.30,0.15,-0.05
50,-0.04,-0.20,-0.26,-0.21,-0.24,9.80,344.75,-1.25,1.37,-0.16,-0.01,-0.02
50,-0.04,0.05,-0.29,-0.21,-0.33,9.79,344.75,-1.25,1.81,-0.20,-0.01,0.01
50,0.18,-0.17,-0.62,-0.18,-0.38,9.79,344.75,-1.12,2.25,-0.03,-0.05,0.01
50,0.14,-0.02,-0.23,-0.20,-0.39,9.79,344.81,-1.12,2.31,-0.06,0.06,-0.01
50,0.29,0.04,-0.40,-0.20,-0.44,9.79,344.81,-1.19,2.63,-0.05,-0.10,-0.03
50,0.09,0.18,-0.39,-0.17,-0.45,9.79,344.88,-1.00,2.63,-0.05,-0.08,-0.01
50,-0.02,0.15,-0.30,-0.16,-0.47,9.79,344.88,-0.94,2.75,-0.10,-0.05,0.01
50,0.11,0.02,-0.49,-0.13,-0.51,9.79,344.75,-0.81,2.94,-0.07,-0.06,0.04
50,0.05,0.00,-0.41,-0.14,-0.54,9.79,344.69,-0.75,3.13,-0.03,0.10,0.02
50,-0.02,0.10,-0.28,-0.15,-0.57,9.78,344.69,-0.88,3.31,0.01,-0.01,0.01
50,0.13,0.05,-0.81,-0.13,-0.55,9.79,344.63,-0.75,3.19,0.05,0.02,0.01
50,0.04,0.01,-0.30,-0.17,-0.47,9.79,344.63,-0.94,2.94,0.41,0.12,0.07
50,0.10,-0.08,-0.29,-0.20,-0.34,9.79,344.44,-1.19,2.00,0.04,-0.07,-0.01
50,0.13,0.05,-0.56,-0.19,-0.33,9.79,344.44,-1.06,2.00,0.04,0.04,0.01
50,-0.03,-0.32,0.18,-0.22,-0.25,9.80,344.31,-1.25,1.56,0.21,0.07,0.07
50,0.28,0.07,-0.84,-0.16,-0.32,9.79,344.31,-1.00,1.81,-0.20,-0.17,-0.05
50,0.09,0.08,-0.17,-0.17,-0.34,9.79,344.38,-1.00,2.00,-0.06,0.02,-0.04
50,0.06,-0.11,-0.29,-0.15,-0.38,9.79,344.44,-0.94,2.19,-0.09,-0.07,-0.01
50,0.05,-0.01,-0.45,-0.13,-0.41,9.79,344.50,-0.75,2.38,-0.02,-0.01,-0.02
50,0.01,0.10,-0.39,-0.13,-0.41,9.79,344.50,-0.75,2.38,0.00,-0.02,-0.01
50,0.07,-0.02,-0.44,-0.12,-0.40,9.79,344.50,-0.69,2.31,0.00,0.01,-0.01
50,0.03,-0.16,-0.27,-0.12,-0.40,9.79,344.56,-0.69,2.31,0.03,0.02,-0.01
50,0.00,-0.17,-0.36,-0.09,-0.44,9.79,344.63,-0.50,2.56,-0.16,-0.09,-0.03
50,0.21,0.25,-0.67,-0.04,-0.58,9.78,344.81,-0.25,3.44,-0.18,-0.16,-0.09
50,0.07,0.15,-0.45,-0.02,-0.59,9.78,344.94,-0.12,3.44,-0.03,-0.09,-0.05
50,-0.03,0.00,-0.33,-0.02,-0.63,9.78,345.00,-0.12,3.63,-0.12,0.02,-0.02
50,-0.02,-0.08,-0.33,0.00,-0.66,9.78,345.06,0.00,3.88,0.02,-0.01,0.01
50,0.09,0.06,-0.47,0.02,-0.66,9.78,345.06,0.12,3.88,-0.00,-0.03,-0.00
50,0.06,0.14,-0.32,0.02,-0.69,9.78,345.06,0.12,4.06,-0.08,-0.01,0.00
50,-0.02,-0.08,-0.46,0.02,-0.69,9.78,345.06,0.12,4.00,0.04,-0.02,0.01
50,0.15,0.08,-0.45,0.04,-0.69,9.78,345.06,0.19,4.00,-0.06,-0.07,-0.01
50,0.07,-0.10,-0.35,0.06,-0.69,9.78,345.00,0.31,4.00,0.04,-0.00,0.02
50,0.12,-0.03,-0.46,0.06,-0.69,9.78,345.00,0.37,4.06,0.04,0.03,0.01
50,-0.04,0.05,-0.40,0.04,-0.69,9.78,345.00,0.19,4.00,-0.01,0.02,0.00
50,0.10,0.01,-0.60,0.05,-0.66,9.78,345.00,0.25,3.81,0.08,0.03,0.00
50,0.10,-0.15,-0.44,0.02,-0.64,9.78,345.00,0.12,3.75,-0.00,0.01,0.02
50,0.05,-0.05,-0.44,0.00,-0.61,9.78,344.94,0.00,3.56,0.04,0.01,-0.01
50,0.00,0.02,-0.25,0.00,-0.62,9.78,344.94,0.00,3.63,0.00,0.01,0.01
50,0.09,0.06,-0.43,0.01,-0.64,9.78,344.94,0.00,3.69,-0.07,-0.03,0.01
50,0.05,0.02,-0.44,0.02,-0.65,9.78,344.94,0.12,3.81,0.00,-0.03,-0.00
50,0.01,0.01,-0.32,0.01,-0.65,9.78,344.94,0.06,3.81,0.00,-0.04,-0.00
50,0.02,0.11,-0.38,0.03,-0.64,9.78,344.94,0.12,3.75,0.00,-0.03,0.00
50,-0.02,0.09,-0.32,0.05,-0.64,9.78,344.94,0.25,3.75,0.03,-0.07,0.01
50,-0.03,0.02,-0.27,0.08,-0.61,9.78,344.75,0.44,3.56,0.06,-0.06,0.08
50,0.06,-0.24,0.02,0.12,-0.65,9.78,344.56,0.69,3.75,-0.19,-0.15,0.03
50,-0.13,-0.12,-0.24,0.23,-0.76,9.77,344.56,1.31,4.44,-0.16,-0.33,0.03
50,0.00,0.12,0.01,0.39,-0.86,9.76,344.44,2.25,5.00,-0.40,-0.32,0.00
50,0.25,0.34,-0.19,0.56,-1.17,9.71,344.31,3.25,6.88,-0.78,-0.45,0.07
50,0.31,-0.19,-0.07,0.73,-1.58,9.64,344.19,4.25,9.31,-1.08,-0.30,-0.01
50,0.44,-0.33,0.04,0.93,-2.52,9.42,345.19,5.44,14.94,-2.57,-0.22,-0.53
50,0.25,-0.19,-0.70,1.17,-3.59,9.04,346.75,6.88,21.62,-2.32,-0.67,-0.51
50,0.77,-0.22,-1.22,1.54,-4.52,8.56,348.00,9.00,27.81,-2.23,-0.81,-0.33
50,0.38,0.19,-1.37,1.87,-5.37,7.98,348.94,11.00,33.94,-2.16,-0.77,-0.33
51,0.53,-0.52,-2.48,2.31,-6.05,7.36,349.44,13.63,39.38,-2.13,-0.90,-0.26
50,0.35,-0.10,-2.02,2.56,-6.95,6.41,349.94,15.13,47.25,-3.15,-0.58,-0.14
50,0.71,-0.82,-1.15,2.80,-7.74,5.31,350.56,16.56,55.50,-2.50,-0.92,0.01
50,0.71,0.43,-1.02,3.11,-8.33,4.11,350.75,18.50,63.69,-2.93,-1.37,-0.37
50,0.38,-1.19,-2.75,3.72,-8.67,2.64,352.56,22.31,73.00,-3.22,-1.54,-0.87
50,0.12,-1.36,-0.43,4.05,-8.78,1.61,354.44,24.37,79.56,-1.33,-0.14,-0.43
50,-0.48,0.59,-0.46,4.37,-8.73,0.85,356.63,26.44,84.37,-1.60,-0.98,-0.64
50,-0.01,-0.19,0.59,4.64,-8.63,0.19,357.31,28.25,88.62,-0.94,-0.57,-0.27
50,0.29,-0.02,1.20,4.47,-8.72,-0.19,357.44,27.12,91.25,-0.92,0.30,0.84
50,-0.92,0.49,0.24,4.18,-8.85,-0.36,357.50,25.25,92.31,-0.65,0.44,0.77
50,-0.43,0.01,0.64,3.77,-9.04,-0.39,355.69,22.62,92.44,0.04,0.27,1.05
50,-0.49,-0.43,0.24,3.54,-9.13,-0.26,354.50,21.19,91.62,0.22,-0.07,0.28
50,0.09,1.24,-0.12,3.29,-9.23,-0.09,352.63,20.06,90.94,0.66,0.11,0.80
50,-7.23,-1.27,0.38,3.08,-9.30,0.00,350.38,18.31,89.94,0.05,-0.13,-0.00
50,-0.90,-0.66,-0.13,3.04,-9.29,-0.68,345.06,17.94,93.19,-0.65,-3.21,-0.37
50,0.32,-1.25,0.91,2.98,-9.26,-1.18,338.69,17.56,97.19,-0.01,-0.45,-0.21
50,-1.28,-0.61,-2.19,3.25,-9.20,-0.94,339.50,19.00,95.87,0.23,-0.43,-0.69
50,-0.96,0.74,-0.35,3.30,-9.12,-1.39,336.81,19.75,98.31,0.03,-1.91,-0.14
50,3.64,1.69,1.08,3.01,-9.27,-1.01,330.13,18.50,97.12,1.89,-0.92,1.02
50,-0.90,-0.55,-0.96,2.68,-9.40,-0.69,327.13,16.37,94.44,-0.03,1.37,1.09
50,0.23,-0.11,0.14,2.52,-9.46,-0.55,326.06,14.94,93.87,1.03,-0.10,0.14
50,-0.04,-0.55,0.49,2.29,-9.53,-0.22,324.38,14.19,91.31,-0.03,-0.06,1.24
50,-0.34,0.54,-0.61,1.87,-9.62,-0.26,321.25,11.06,91.75,0.43,-0.08,0.22
50,0.28,0.74,-0.21,1.87,-9.62,0.04,320.38,10.94,90.06,0.60,-0.13,-0.03
50,0.11,-0.69,-0.33,1.77,-9.64,0.13,319.81,10.63,89.19,0.07,0.04,0.33
50,-0.65,-0.73,-0.21,1.67,-9.65,0.26,318.50,9.88,88.50,0.37,-0.30,0.18
50,-1.26,-2.25,1.51,2.07,-9.58,-0.20,319.31,11.19,89.56,-1.58,-0.75,-1.59
50,-0.29,-0.45,-0.59,2.45,-9.49,-0.09,321.31,14.13,90.69,0.19,0.03,-0.65
50,0.64,-0.41,0.10,2.72,-9.41,0.03,322.94,15.94,89.87,0.21,0.00,-0.50
51,0.01,-0.12,-0.58,2.64,-9.44,0.16,322.81,16.06,89.12,0.39,-0.03,0.40
50,0.19,-0.52,-0.25,2.52,-9.47,0.27,344.94,14.94,88.37,0.26,-0.14,0.09
50,1.11,0.39,0.06,2.40,-9.50,0.33,344.69,14.69,88.00,0.10,0.10,0.42
50,-0.04,0.10,-0.03,2.08,-9.57,0.34,342.69,12.38,87.94,-0.01,0.04,0.45
50,0.39,0.02,0.32,2.06,-9.58,0.32,342.25,12.19,87.94,-0.05,-0.10,0.07
50,-0.46,-0.32,-0.53,2.04,-9.58,0.26,341.94,11.88,88.31,-0.16,0.02,-0.00
50,0.08,-0.01,-0.03,2.00,-9.59,0.20,341.81,11.75,88.69,-0.12,-0.02,0.12
50,0.11,-0.10,-0.49,1.98,-9.60,0.14,341.75,11.69,89.06,-0.12,-0.00,0.03
50,-0.04,-0.33,-0.07,1.99,-9.60,0.10,341.75,11.75,89.31,-0.03,-0.03,0.04
50,-0.28,-0.09,-0.39,1.91,-9.61,0.06,341.38,11.31,89.50,-0.12,-0.00,0.17
50,0.35,0.21,-0.16,1.86,-9.62,0.00,341.00,10.94,89.94,-0.13,0.00,0.07
50,-0.03,-0.20,-0.19,1.85,-9.62,-0.04,341.00,10.88,90.25,-0.03,0.00,0.03
50,0.11,-0.29,-0.14,1.83,-9.63,-0.07,340.88,10.75,90.37,-0.05,-0.01,0.05
50,0.11,-0.12,-0.18,1.80,-9.63,-0.10,340.69,10.63,90.56,0.01,0.01,0.03
50,0.20,0.06,-0.18,1.80,-9.63,-0.07,340.63,10.63,90.44,0.11,0.01,0.04
50,0.03,-0.06,-0.04,1.79,-9.64,-0.03,340.44,10.50,90.19,0.09,0.00,0.02
50,0.17,0.12,0.00,1.79,-9.64,-0.02,340.50,10.50,90.12,0.01,0.01,-0.01
50,0.07,-0.19,-0.01,1.78,-9.64,-0.02,340.50,10.50,90.06,0.01,-0.00,0.03
50,0.05,-0.14,-0.17,1.77,-9.64,-0.03,340.44,10.44,90.19,-0.03,0.00,0.03
50,0.04,-0.14,-0.17,1.76,-9.64,-0.06,340.38,10.31,90.31,-0.03,0.00,0.03
50,0.19,-0.07,0.02,1.72,-9.65,-0.06,340.13,10.13,90.37,0.00,0.00,0.09
50,0.00,-0.07,-0.08,1.69,-9.65,-0.06,339.94,9.94,90.37,-0.01,0.00,0.05
50,0.05,-0.22,0.00,1.68,-9.66,-0.09,339.81,9.88,90.50,-0.09,-0.00,0.02
50,0.29,-0.24,0.12,1.71,-9.65,-0.13,340.00,10.00,90.81,-0.13,-0.05,-0.11
50,0.05,0.79,0.04,1.75,-9.64,-0.21,340.44,10.31,91.25,-0.19,-0.21,-0.01
50,0.01,0.09,1.21,1.77,-9.64,-0.25,340.25,10.44,91.50,-0.12,-0.10,0.08
50,0.54,0.29,2.75,1.77,-9.64,-0.26,340.19,10.38,91.56,0.06,-0.03,0.08
50,0.04,0.32,1.70,1.76,-9.64,-0.28,339.00,10.31,91.69,-0.03,-0.34,0.06
50,0.27,0.69,1.54,1.75,-9.64,-0.24,338.13,10.31,91.44,0.33,-0.41,-0.08
50,0.46,-0.12,1.30,1.73,-9.65,-0.09,336.81,10.13,90.50,0.30,-0.16,0.23
50,-0.06,-0.23,-0.24,1.71,-9.65,0.12,335.63,10.06,89.25,0.70,-0.63,-0.02
50,-2.32,-1.08,-4.81,1.79,-9.63,0.44,334.00,10.50,87.37,0.89,-0.33,-0.34
50,-0.77,-3.49,-8.15,1.85,-9.51,1.50,336.63,10.88,81.00,3.01,2.77,-0.14
50,-4.36,-1.20,-7.77,1.88,-9.35,2.27,345.19,11.06,76.31,-0.44,1.97,-0.95
50,1.23,-1.40,-2.17,1.99,-9.43,1.79,346.56,11.75,79.19,-1.26,0.25,-0.29
50,0.44,0.27,-0.81,1.91,-9.51,1.40,348.50,11.19,81.62,-1.05,0.36,0.21
50,-1.38,0.13,-0.34,1.71,-9.60,1.00,349.44,10.06,84.00,-1.09,0.73,0.36
50,-1.36,-1.06,1.54,1.73,-9.61,0.86,351.50,10.13,84.81,-0.34,0.45,-0.01
50,-0.46,0.13,2.25,1.69,-9.63,0.63,351.94,9.94,86.25,-0.68,0.02,0.17
50,1.95,0.45,3.10,1.78,-9.64,0.01,346.69,10.44,89.87,-0.58,-3.69,-0.67
50,-0.71,0.11,0.17,1.81,-9.63,-0.31,340.81,10.63,91.87,0.44,-0.58,0.09
50,-0.69,1.97,-0.61,1.74,-9.64,-0.17,340.69,10.50,90.94,-0.11,-0.09,0.48
50,0.24,-0.54,0.02,1.64,-9.66,-0.11,339.81,9.81,90.69,0.11,-0.03,0.33
50,-0.08,0.18,0.02,1.51,-9.68,-0.09,338.88,9.00,90.50,0.02,-0.03,0.24
50,0.01,-0.48,-0.38,1.41,-9.70,-0.10,338.19,8.38,90.56,-0.02,-0.01,0.20
50,0.27,-0.01,0.00,1.34,-9.71,-0.10,337.69,7.88,90.62,0.00,-0.00,0.08
50,0.00,-0.07,-0.19,1.34,-9.71,-0.10,337.63,7.88,90.62,-0.00,0.01,0.01
50,0.11,-0.05,-0.18,1.34,-9.71,-0.11,337.63,7.81,90.62,0.04,0.00,0.02
50,-0.04,-0.05,0.02,1.33,-9.71,-0.07,337.56,7.81,90.50,0.08,-0.01,0.01
50,0.06,-0.01,0.06,1.33,-9.71,-0.06,337.50,7.81,90.37,0.00,-0.00,-0.00
50,0.08,-0.06,-0.17,1.33,-9.71,-0.07,337.50,7.81,90.37,-0.01,0.00,0.00
50,0.06,-0.03,-0.06,1.33,-9.71,-0.08,337.50,7.81,90.44,-0.02,-0.00,0.00
50,0.06,-0.10,-0.08,1.33,-9.71,-0.09,337.56,7.81,90.50,-0.00,-0.00,-0.01
50,0.09,-0.11,-0.06,1.34,-9.71,-0.09,337.56,7.81,90.50,0.01,-0.01,-0.02
50,0.01,-0.03,-0.05,1.34,-9.71,-0.08,337.56,7.88,90.50,0.02,0.00,-0.00
50,0.05,-0.06,-0.09,1.35,-9.71,-0.08,337.63,7.88,90.50,0.00,-0.00,-0.00
50,0.03,-0.02,0.02,1.35,-9.71,-0.08,337.63,7.88,90.50,-0.01,-0.00,0.00
50,0.03,-0.05,-0.15,1.35,-9.71,-0.08,337.63,7.88,90.50,-0.01,-0.00,-0.00
51,0.05,-0.07,-0.10,1.35,-9.71,-0.09,337.63,7.88,90.50,-0.01,-0.00,0.01
50,0.03,-0.06,-0.14,1.35,-9.71,-0.09,337.63,7.88,90.50,0.00,-0.00,0.00
50,0.01,-0.07,-0.11,1.35,-9.71,-0.09,337.63,7.88,90.50,-0.00,0.00,0.00
50,0.02,-0.11,0.00,1.35,-9.71,-0.10,337.63,7.88,90.56,-0.03,0.01,0.02
50,-0.01,0.04,0.07,1.35,-9.71,-0.13,337.69,7.88,90.69,-0.08,0.02,-0.02
50,0.39,0.10,0.00,1.39,-9.70,-0.18,338.00,8.06,91.12,-0.13,0.09,-0.11
50,0.29,-0.64,0.35,1.45,-9.69,-0.07,339.06,8.44,90.56,0.21,0.35,-0.15
50,0.16,0.08,0.24,1.50,-9.69,0.00,340.38,8.69,90.12,0.11,0.41,-0.08
50,0.65,-0.30,0.82,1.61,-9.67,0.13,341.25,9.31,89.37,0.25,0.08,-0.25
50,1.44,-1.37,1.51,1.78,-9.64,0.25,342.13,10.19,88.62,0.26,-0.15,-0.42
50,0.97,-2.41,1.55,2.09,-9.57,0.46,342.63,11.75,87.56,0.60,-0.39,-0.76
50,-0.09,-1.23,-0.88,2.82,-9.35,0.86,344.63,15.63,85.25,0.97,-0.46,-1.71
50,1.50,-1.92,1.29,3.76,-8.91,1.56,350.06,21.62,81.06,1.51,0.64,-2.17
50,-2.25,-1.14,-4.14,4.12,-8.67,1.96,353.19,24.25,77.62,0.34,-0.05,-0.50
50,-0.61,3.04,-0.77,4.69,-8.13,2.83,357.50,27.87,72.62,1.71,1.85,-1.73
50,-0.63,0.37,-3.15,5.02,-7.66,3.48,0.19,30.31,66.12,1.16,-0.00,-0.91
50,-0.45,1.49,-0.93,5.17,-7.26,4.07,2.44,31.56,61.88,1.17,1.26,-0.84
50,-0.83,0.68,-1.73,5.52,-6.57,4.72,4.94,33.75,55.63,1.73,0.31,-1.22
50,-2.52,0.76,-1.04,5.82,-5.67,5.47,8.38,36.44,48.00,1.58,1.18,-1.90
50,-2.33,1.57,-2.79,5.40,-4.98,6.49,11.81,33.56,38.38,1.55,2.03,-0.48
50,-1.81,1.44,-3.38,5.53,-4.48,6.73,12.31,34.50,34.50,0.97,0.42,-0.37
50,-0.77,0.85,-2.08,5.19,-4.29,7.12,13.56,32.44,31.19,0.21,1.36,0.00
50,-0.18,1.20,-1.31,4.88,-4.09,7.45,13.38,30.50,29.50,0.78,1.16,0.19
50,-0.04,2.19,2.76,4.52,-3.59,7.91,14.13,27.94,25.19,1.15,1.07,-0.36
50,-0.45,0.25,1.22,4.32,-3.27,8.16,13.56,26.12,21.87,1.10,0.14,0.43
50,-0.92,-1.34,-1.85,4.32,-3.04,8.25,10.94,26.12,20.19,0.73,-0.54,0.43
50,-0.61,-1.55,-1.92,4.58,-2.97,8.14,9.44,27.81,20.00,0.39,-0.66,0.01
50,-1.05,0.72,-2.03,3.85,-2.40,8.68,8.25,23.12,15.44,1.78,3.27,0.46
50,-2.21,-0.35,0.54,2.39,-1.88,9.31,9.06,14.13,11.44,0.56,2.89,0.04
51,0.66,-1.61,-0.92,1.56,-1.88,9.49,5.38,9.19,11.19,0.08,0.88,1.18
50,-0.23,1.66,-0.84,0.78,-1.60,9.64,359.69,4.56,9.44,1.39,1.61,2.16
50,-1.10,-2.46,1.68,-0.10,-1.07,9.74,352.88,-0.63,6.31,0.87,2.24,2.56
50,1.33,0.92,0.18,0.08,-1.54,9.68,349.56,0.50,9.00,-1.65,-0.99,0.07
50,-0.22,0.28,-2.48,-0.19,-1.10,9.74,348.38,-1.12,6.44,2.81,0.07,1.15
50,0.50,-8.56,0.15,-0.32,-0.10,9.80,342.44,-1.81,0.56,-0.71,-0.10,3.29
50,0.84,9.05,-0.69,-0.32,-0.29,9.79,328.75,-1.88,1.69,-0.03,-0.14,3.50
50,-0.10,0.46,0.09,-0.32,-0.13,9.80,326.81,-1.88,0.75,0.29,0.02,0.07
50,0.02,-1.00,-0.92,-0.33,-0.10,9.80,326.56,-1.88,0.63,0.18,-0.02,0.15
50,0.03,0.34,-1.04,-0.32,0.04,9.80,326.44,-1.88,-0.19,-0.17,-0.01,-0.06
50,-0.33,-0.25,-0.29,-0.33,0.07,9.80,326.56,-1.94,-0.37,0.04,0.01,-0.07
50,0.09,0.15,-0.35,-0.33,0.10,9.80,326.56,-1.94,-0.56,0.10,0.00,-0.06
50,-0.13,0.21,-0.41,-0.33,0.12,9.80,326.69,-1.94,-0.69,0.00,0.00,-0.04
50,2.55,-1.44,-0.89,-0.33,0.11,9.80,326.88,-1.88,-0.63,0.02,0.00,-0.07
50,-4.77,-1.37,-0.51,-0.32,0.13,9.80,326.56,-1.88,-0.75,-0.06,-0.01,-0.08
50,0.72,-0.20,-0.39,-0.34,0.14,9.79,326.44,-2.00,-0.81,0.00,0.00,0.23
50,-0.26,0.45,-0.36,-0.33,0.11,9.80,325.81,-1.88,-0.69,-0.11,-0.03,0.09
50,0.23,0.03,-0.08,-0.32,0.11,9.80,325.56,-1.88,-0.63,0.12,-0.01,0.16
50,-1.19,1.45,-0.60,-0.32,0.09,9.80,325.13,-1.88,-0.50,0.02,0.02,-0.26
50,1.31,-0.40,-0.49,-0.33,0.12,9.79,327.13,-1.94,-0.69,0.07,0.01,-0.89
50,0.02,-0.08,-0.51,-0.34,0.12,9.79,328.81,-2.00,-0.75,0.00,-0.00,-0.20
50,0.07,0.23,-0.46,-0.34,0.12,9.79,329.06,-2.00,-0.69,-0.00,0.00,-0.01
50,0.88,-0.35,-0.47,-0.34,0.12,9.79,329.00,-2.00,-0.69,-0.00,0.01,-0.03
50,-0.20,-0.36,-0.49,-0.34,0.11,9.79,329.00,-2.00,-0.63,-0.00,-0.01,0.23
50,0.59,-0.02,-0.38,-0.34,0.13,9.79,328.06,-1.94,-0.75,0.05,0.02,0.20
50,-0.30,0.25,-0.40,-0.35,0.19,9.79,327.31,-2.06,-1.00,0.19,0.02,0.21
50,0.02,0.36,-0.27,-0.37,0.27,9.79,326.69,-2.13,-1.44,0.18,-0.01,0.15
50,-0.04,-0.22,-0.59,-0.38,0.39,9.79,326.31,-2.19,-2.13,0.24,0.05,0.15
50,0.06,1.10,0.14,-0.39,0.53,9.78,325.75,-2.25,-2.94,0.27,0.04,0.26
50,-0.67,0.24,-0.13,-0.36,0.53,9.78,325.13,-2.19,-3.06,0.00,-0.04,0.20
50,1.86,0.61,-1.37,-0.23,0.45,9.79,325.31,-1.37,-2.56,-0.16,-0.14,0.07
50,-0.87,1.70,7.50,0.05,0.61,9.78,323.94,0.00,-3.56,0.40,-0.76,0.55
50,1.59,0.49,3.76,-0.01,0.12,9.80,324.56,0.12,-1.50,-1.42,0.36,-0.55
50,-0.75,-1.70,-1.05,0.03,-0.31,9.80,325.13,-0.06,1.56,-0.75,-0.38,0.07
50,-1.57,-1.96,-5.57,0.26,-0.23,9.80,324.69,1.31,1.75,0.35,-0.38,0.02
50,-1.20,0.10,-3.84,0.42,0.21,9.79,325.25,2.25,-0.75,0.94,-0.33,-0.24
50,-0.86,0.63,-5.10,0.59,0.43,9.77,325.56,3.31,-2.38,0.35,-0.33,-0.08
50,0.08,1.11,-4.82,0.55,0.42,9.78,325.63,3.25,-2.56,-0.14,0.05,0.09
50,-1.83,0.65,-2.83,0.48,0.26,9.79,324.81,3.00,-1.69,-0.29,0.22,0.30
50,0.37,-1.13,-3.68,0.06,0.03,9.80,324.81,0.94,-0.37,-0.55,1.03,-0.15
50,0.27,-1.47,-4.01,-0.48,-0.07,9.79,325.19,-2.25,0.50,-0.20,1.18,-0.19
50,0.69,1.18,6.26,-0.69,0.33,9.77,326.00,-3.88,-1.44,1.01,0.28,-0.23
50,-0.94,-4.40,-9.81,-0.58,-0.05,9.78,326.63,-3.38,-0.25,-3.92,0.59,-0.16
50,-1.30,-2.60,-0.12,-0.48,0.46,9.78,326.63,-2.94,-2.00,1.04,-0.21,0.03
50,-1.07,-0.23,0.03,-0.43,0.56,9.78,326.69,-2.63,-3.19,0.31,-0.16,-0.09
50,3.27,1.39,7.63,-0.12,0.96,9.75,326.00,-1.50,-5.13,1.18,-0.99,0.70
50,1.68,2.80,6.92,-0.15,0.43,9.79,325.13,-1.06,-3.75,-2.26,0.06,-0.26
50,-3.41,-0.95,1.31,0.63,0.04,9.78,324.75,2.63,-0.56,-0.44,-2.05,0.26
50,-0.48,-1.26,-7.42,1.17,-0.19,9.73,325.44,6.38,0.94,-0.59,-0.92,-0.41
50,-0.81,0.69,-7.14,1.58,-0.06,9.67,325.56,9.25,0.37,0.69,-1.07,0.25
50,-1.98,0.24,-9.80,1.60,0.04,9.67,325.19,9.69,-0.19,0.04,0.40,-0.02
50,-0.99,1.09,-6.54,1.21,0.13,9.72,325.25,7.63,-0.69,0.21,0.89,0.02
50,-1.49,0.10,-3.93,0.79,0.06,9.77,325.31,4.63,-0.37,-0.43,1.32,-0.23
50,0.36,-0.90,2.13,0.07,-0.06,9.80,325.88,0.37,0.37,-0.11,1.24,0.04
50,-0.29,0.68,6.51,-0.46,-0.29,9.79,326.00,-2.69,1.69,-0.69,1.15,-0.38
50,1.30,-1.44,1.78,-0.81,-0.62,9.75,326.38,-4.69,3.63,-0.60,0.21,0.28
50,-2.89,-0.83,3.29,-0.65,-0.69,9.76,325.50,-3.81,4.00,-0.11,-0.08,-0.11
50,-0.76,-0.48,-0.45,-0.71,-0.82,9.74,326.13,-4.13,4.81,-0.08,-0.16,0.11
51,1.38,1.36,11.48,-0.57,-0.53,9.77,326.38,-3.31,3.06,0.65,-0.45,-0.27
50,0.44,0.49,7.41,-0.14,-0.41,9.79,326.75,-0.81,2.44,0.24,-1.43,0.02
50,-0.62,0.36,-0.67,0.69,-0.24,9.77,326.50,4.06,1.44,0.26,-1.74,-0.04
50,0.72,-0.77,-7.51,1.14,-0.03,9.73,326.69,6.69,0.19,0.81,-0.96,0.17
50,-3.67,1.08,-6.79,1.70,0.20,9.65,324.63,10.00,-1.19,0.66,-1.02,0.68
50,-1.64,0.53,-4.78,1.70,0.29,9.65,324.44,9.94,-1.75,-0.28,0.31,-0.11
50,-2.33,-0.64,-7.94,1.64,0.16,9.66,324.44,9.63,-0.94,-0.06,0.04,0.03
50,-1.51,-1.03,-6.03,1.42,0.10,9.70,325.13,8.31,-0.56,-0.45,0.90,-0.41
50,-0.83,-1.40,-7.80,0.87,-0.06,9.76,326.44,5.06,0.37,0.12,1.15,-0.41
50,1.15,1.52,4.99,0.34,0.09,9.80,327.44,1.94,-0.50,-0.18,1.24,-0.40
50,2.65,1.45,7.63,-0.02,-0.02,9.80,327.50,-0.06,0.12,-0.25,0.18,0.40
50,-1.83,-0.71,2.22,0.18,-0.17,9.80,325.56,1.06,1.00,-0.15,-0.44,0.43
50,2.90,0.34,0.74,0.17,0.00,9.80,326.56,1.00,0.00,0.69,0.19,-0.61
50,-0.83,0.16,-3.52,-0.20,0.07,9.80,327.56,-1.12,-0.44,-0.47,0.79,-0.36
50,1.86,-0.51,-1.20,-0.52,0.23,9.78,328.94,-3.06,-1.37,0.24,0.52,-0.50
50,-0.51,0.31,-0.54,-0.51,0.32,9.78,329.38,-3.00,-1.88,0.45,-0.09,-0.07
50,0.40,-0.13,-0.60,-0.48,0.42,9.78,329.63,-2.81,-2.44,-0.06,-0.02,-0.02
50,0.28,0.14,-0.49,-0.48,0.38,9.78,329.69,-2.81,-2.25,-0.05,-0.01,0.00
50,-0.01,-0.16,-0.46,-0.47,0.34,9.78,329.56,-2.75,-2.06,-0.10,-0.01,0.06
50,-0.10,0.19,-0.41,-0.47,0.31,9.78,329.31,-2.75,-1.81,-0.05,0.00,0.07
50,0.14,-0.18,-0.46,-0.47,0.29,9.79,329.13,-2.75,-1.75,-0.04,0.00,0.09
50,0.09,0.42,-0.38,-0.47,0.27,9.79,328.50,-2.75,-1.63,-0.03,-0.01,0.01
50,0.17,0.17,-0.41,-0.47,0.26,9.79,327.94,-2.75,-1.56,-0.03,0.01,0.00
50,-0.01,0.10,-0.40,-0.47,0.23,9.79,327.56,-2.75,-1.37,-0.08,0.01,-0.01
50,0.22,0.15,-0.45,-0.48,0.20,9.79,327.06,-2.75,-1.19,-0.06,0.02,-0.00
50,0.23,-0.10,-0.44,-0.48,0.11,9.79,326.75,-2.81,-0.75,-0.15,-0.00,-0.01
50,0.03,0.01,-0.41,-0.48,0.09,9.79,326.50,-2.81,-0.56,-0.01,-0.01,-0.02
50,0.02,0.06,-0.41,-0.48,0.09,9.79,326.50,-2.81,-0.56,0.00,0.00,-0.01
50,0.00,0.00,-0.40,-0.48,0.11,9.79,326.38,-2.81,-0.63,0.04,0.00,-0.00
51,0.00,0.28,-0.42,-0.48,0.17,9.79,326.06,-2.81,-0.94,0.13,0.00,0.00
50,0.29,-0.23,-0.24,-0.48,0.26,9.79,325.94,-2.81,-1.37,0.22,0.02,-0.02
50,-0.24,0.29,0.37,-0.48,0.51,9.78,325.81,-2.81,-2.63,0.57,-0.05,-0.02
50,0.62,-0.26,3.04,-0.69,1.28,9.69,326.25,-3.75,-6.31,2.18,0.59,-0.30
50,-0.09,-1.22,-1.17,-0.62,1.77,9.62,326.63,-3.81,-9.75,1.23,-0.37,0.07
50,-0.17,-1.28,-0.35,-0.47,2.67,9.42,326.81,-2.81,-14.56,2.13,-0.21,-0.22
50,-0.46,-1.53,-1.99,-0.44,3.68,9.07,327.88,-2.44,-20.75,2.33,-0.12,-0.36
50,1.31,-1.32,-0.18,-0.46,4.92,8.46,329.13,-2.88,-28.62,3.08,-0.35,-0.22
50,-1.04,-0.57,-3.70,-0.41,5.68,7.98,329.63,-2.44,-35.44,2.24,-0.02,-0.25
50,1.70,-1.18,-2.78,-0.67,6.85,6.98,331.06,-3.88,-42.88,3.01,-0.10,-0.46
50,-1.24,0.26,-5.15,-0.58,7.68,6.05,331.25,-3.50,-50.13,2.61,-0.01,0.31
50,-0.07,0.55,-1.14,-0.62,8.44,4.94,331.19,-3.63,-58.25,2.66,0.09,-0.03
50,0.41,0.56,-1.43,-0.62,8.87,4.11,330.75,-3.63,-65.12,2.44,0.18,0.11
50,-0.04,0.86,-0.81,-0.66,9.27,3.10,330.63,-3.88,-71.50,2.30,0.17,-0.11
50,1.23,1.02,-1.78,-0.79,9.53,2.15,329.88,-4.63,-77.25,1.86,0.89,-0.05
50,-0.84,0.43,-0.26,-0.94,9.67,1.29,329.56,-5.50,-82.31,1.71,0.40,-0.39
50,0.97,0.97,-1.14,-1.22,9.70,0.74,330.56,-7.19,-85.56,0.42,0.37,-0.65
50,0.02,0.96,-0.44,-1.31,9.71,0.34,330.44,-7.69,-87.94,1.16,0.15,-0.04
50,0.73,-0.98,-0.51,-1.36,9.71,-0.02,330.06,-7.94,-90.06,0.67,0.20,-0.01
50,-0.28,-0.74,-0.40,-1.29,9.71,-0.19,329.25,-7.56,-91.12,-0.09,-0.09,0.11
50,1.61,-0.42,-0.53,-1.29,9.71,-0.12,329.56,-7.56,-90.75,-0.00,-0.24,0.06
50,-0.80,-0.34,-0.51,-1.17,9.73,-0.04,329.38,-6.88,-90.25,-0.17,-0.17,0.27
50,0.37,-1.05,-0.51,-1.12,9.74,-0.04,329.56,-6.56,-90.19,-0.03,-0.20,0.13
50,-0.11,0.02,-0.44,-1.03,9.75,-0.04,329.56,-6.00,-90.25,0.10,-0.19,0.15
50,0.50,-0.71,-0.59,-1.00,9.75,-0.07,329.81,-5.88,-90.37,0.08,-0.10,0.04
50,-0.23,-0.37,-1.39,-0.92,9.76,-0.09,329.31,-5.44,-90.50,0.00,0.02,0.22
50,0.23,-0.59,-0.56,-0.85,9.76,-0.09,328.88,-4.94,-90.50,0.03,0.00,0.19
50,-0.07,-0.26,-0.83,-0.78,9.77,-0.05,328.25,-4.56,-90.31,-0.08,-0.00,0.06
50,0.51,-0.66,-0.53,-0.80,9.77,-0.06,328.38,-4.63,-90.31,0.01,-0.03,-0.03
50,0.01,-0.74,-0.59,-0.80,9.77,-0.03,328.31,-4.63,-90.19,-0.05,0.01,-0.01
50,0.61,-0.42,-0.79,-0.81,9.77,-0.02,328.31,-4.75,-90.12,-0.07,0.03,-0.01
50,-0.04,-0.21,-0.72,-0.75,9.77,-0.02,327.81,-4.44,-90.12,0.02,0.03,0.13
50,0.50,-0.84,-0.54,-0.75,9.77,-0.03,327.75,-4.38,-90.19,0.08,-0.01,-0.05
50,0.33,0.66,0.99,-0.67,9.78,-0.13,326.94,-3.94,-90.75,0.26,0.23,0.39
50,1.06,1.11,7.18,-0.59,9.78,-0.22,326.06,-3.44,-91.25,0.03,-0.10,0.05
50,-2.01,0.26,2.73,-0.55,9.79,0.13,327.25,-3.19,-89.19,-1.08,-0.97,0.02
50,1.39,-3.87,-3.92,-0.69,9.76,0.62,330.13,-4.06,-86.31,-0.66,-0.72,-0.43
50,1.34,-0.74,-6.20,-0.85,9.73,0.80,331.94,-5.00,-85.25,-0.29,0.03,-0.33
50,0.31,2.83,-7.95,-0.92,9.71,0.94,330.81,-5.38,-84.44,-0.38,0.61,0.16
50,-3.69,2.44,-5.35,-0.68,9.74,0.90,328.06,-4.00,-84.62,0.23,0.49,0.54
50,-0.74,-1.45,-3.12,-0.68,9.73,0.93,325.50,-4.00,-84.50,-0.24,1.17,-0.08
50,-3.65,-2.87,4.35,-0.65,9.74,0.82,323.38,-3.81,-85.12,0.55,0.39,0.11
50,-0.78,-3.52,5.76,-0.80,9.74,0.69,323.94,-4.63,-85.87,-0.12,-0.02,-0.52
50,6.24,-3.97,0.63,-1.05,9.73,0.52,326.19,-5.94,-86.44,0.93,-0.79,-0.47
50,5.85,-0.21,3.46,-1.20,9.73,0.05,329.81,-6.94,-89.25,0.79,-0.69,-0.17
50,0.68,3.32,-0.80,-1.17,9.73,-0.17,331.44,-7.00,-90.62,0.71,-0.41,0.23
50,-3.24,2.79,2.15,-1.03,9.74,-0.31,331.94,-6.00,-91.81,-0.03,-0.28,0.15
50,0.70,0.17,-4.93,-1.10,9.74,0.11,332.19,-6.38,-89.87,-1.04,0.11,-0.06
50,-0.66,-2.93,0.05,-0.89,9.75,0.34,331.63,-5.63,-88.25,-0.46,-0.48,0.74
50,-3.11,-1.26,-4.78,-0.54,9.75,0.83,330.06,-3.38,-85.81,-1.32,0.10,0.39
50,-0.83,-1.70,-5.44,-0.66,9.71,1.11,330.13,-3.63,-83.56,-0.22,-0.10,-0.43
50,-1.77,-0.01,-7.04,-0.72,9.72,1.08,330.81,-4.19,-83.37,0.50,0.01,-0.03
50,0.78,0.32,-3.52,-0.87,9.74,0.66,331.19,-4.81,-85.50,1.01,0.39,-0.42
50,1.52,0.41,0.04,-0.97,9.75,0.14,330.94,-5.56,-88.44,1.11,0.63,-0.12
50,2.75,0.29,3.19,-1.00,9.74,-0.38,329.88,-5.94,-91.69,0.93,0.51,0.00
50,-5.28,-4.71,10.21,-0.88,9.76,-0.23,328.44,-5.13,-91.87,-2.64,1.38,0.48
50,0.25,-3.79,2.55,-0.80,9.76,-0.33,327.94,-4.81,-91.69,0.57,-0.20,0.29
50,0.22,0.14,3.27,-0.86,9.76,-0.29,328.44,-4.81,-92.00,-0.44,0.03,-0.27
51,0.20,2.35,2.03,-1.01,9.75,-0.04,330.38,-5.81,-90.50,-0.28,-0.71,-0.27
50,-0.80,2.74,0.05,-1.05,9.74,0.40,333.00,-6.13,-88.31,-1.18,-0.81,-0.11
50,0.89,0.43,-0.93,-1.11,9.68,1.05,334.50,-6.44,-84.44,-1.19,-0.61,-0.18
50,-0.07,-1.68,-3.04,-1.05,9.61,1.64,335.94,-6.31,-81.06,-1.20,-0.72,0.11
50,-2.18,-2.44,-4.52,-0.81,9.53,2.14,336.44,-5.00,-77.75,-0.84,-0.77,0.38
50,-1.17,-2.53,-7.47,-0.67,9.47,2.45,336.56,-4.00,-75.81,-0.65,-0.22,0.15
50,-1.86,-0.51,-7.08,-0.67,9.44,2.53,336.38,-3.94,-75.00,0.12,0.06,-0.05
50,0.51,1.21,-5.26,-0.81,9.48,2.35,336.69,-4.75,-76.06,0.30,0.44,-0.37
50,0.16,1.57,-2.70,-0.97,9.53,2.07,336.00,-5.69,-77.69,0.74,0.55,-0.04
50,-0.25,0.92,0.67,-0.93,9.61,1.69,334.81,-5.44,-80.00,0.74,0.45,0.32
50,-0.54,0.09,3.95,-0.85,9.65,1.47,332.75,-4.94,-81.37,-0.14,0.80,0.14
50,0.78,-1.54,2.02,-0.96,9.66,1.32,331.50,-5.50,-81.87,0.47,0.51,-0.23
50,2.10,-1.50,0.61,-1.00,9.67,1.21,330.50,-5.88,-82.81,0.20,0.55,0.11
50,0.85,-0.67,-0.13,-0.91,9.71,0.97,328.56,-5.31,-84.19,0.55,0.30,0.20
50,0.16,-0.39,0.19,-0.92,9.73,0.78,328.06,-5.38,-85.31,0.24,0.38,-0.12
50,-0.44,-0.25,-0.15,-0.96,9.73,0.69,327.88,-5.63,-85.87,0.19,0.15,-0.06
50,0.25,-0.33,-0.33,-1.03,9.73,0.64,328.25,-6.00,-86.19,0.16,-0.02,-0.10
50,0.45,-0.60,-0.29,-1.10,9.72,0.58,328.75,-6.44,-86.56,0.14,-0.03,-0.17
50,0.06,-0.50,-0.88,-1.12,9.72,0.55,328.94,-6.56,-86.69,0.01,0.00,0.02
50,0.21,-0.23,-0.57,-1.13,9.73,0.43,329.25,-6.63,-87.44,0.41,-0.07,-0.11
50,0.99,-0.22,-0.16,-1.19,9.72,0.30,329.75,-6.94,-88.12,0.14,0.04,-0.05
50,-0.16,-0.31,-0.55,-1.17,9.73,0.28,329.81,-6.88,-88.31,0.04,-0.11,0.02
50,-0.14,-0.97,-1.30,-1.23,9.72,0.28,330.31,-7.19,-88.31,-0.03,0.01,-0.21
50,-0.25,-0.88,-1.04,-1.32,9.71,0.26,331.06,-7.69,-88.37,0.03,-0.04,-0.19
50,0.04,-1.06,-1.34,-1.48,9.69,0.23,332.25,-8.69,-88.56,0.09,0.06,-0.45
50,1.71,-1.29,4.95,-1.63,9.66,0.09,333.56,-9.56,-89.44,0.56,0.08,-0.14
50,-0.35,0.02,0.88,-1.54,9.68,0.02,333.00,-9.00,-89.81,0.22,-0.03,0.26
50,0.48,-0.60,-0.42,-1.48,9.69,0.01,332.63,-8.69,-89.87,-0.04,0.03,0.07
50,0.41,-0.40,-1.36,-1.42,9.70,0.03,332.31,-8.31,-89.75,-0.07,0.01,0.17
51,0.10,-0.40,-0.46,-1.39,9.70,0.00,332.50,-8.13,-90.00,0.13,-0.10,0.02
50,0.53,-0.37,-1.66,-1.40,9.70,0.02,332.81,-8.25,-89.87,-0.12,0.05,-0.04
50,0.66,-0.06,-0.43,-1.41,9.70,0.03,332.69,-8.25,-89.75,-0.17,0.00,-0.02
50,0.65,-0.01,-0.12,-1.43,9.69,0.16,332.88,-8.38,-89.00,-0.40,-0.04,-0.09
50,-0.69,1.03,0.87,-1.44,9.69,0.40,333.00,-8.44,-87.56,-0.57,-0.24,-0.10
50,1.45,1.66,0.39,-1.78,9.59,0.92,335.50,-10.50,-84.44,-1.49,0.31,-1.15
50,4.16,-0.18,-2.55,-2.19,9.42,1.61,336.44,-12.88,-80.25,-1.28,0.21,-0.33
50,-0.67,0.37,0.28,-2.16,9.33,2.08,335.69,-12.69,-77.37,-1.09,0.07,-0.06
50,2.46,-0.36,-3.46,-2.56,9.06,2.70,335.44,-15.13,-73.31,-1.71,1.06,-0.88
50,-1.32,-0.26,0.19,-3.00,8.76,3.22,335.56,-17.81,-69.75,-1.33,0.47,-0.93
50,1.34,-0.64,-2.87,-3.79,8.19,3.82,337.06,-22.69,-65.00,-1.98,1.29,-1.78
50,-4.55,-0.94,0.48,-4.45,7.62,4.27,338.63,-27.00,-60.69,-1.32,0.04,-1.14
50,2.21,0.60,-1.42,-5.17,6.76,4.87,341.75,-31.81,-54.19,-2.64,0.99,-2.30
50,0.92,0.49,-2.99,-5.83,5.83,5.30,343.38,-36.44,-47.75,-1.47,0.29,-1.23
50,1.22,-0.02,0.42,-6.32,5.05,5.53,344.94,-40.13,-42.38,-1.73,0.98,-1.46
50,1.37,-0.29,-3.88,-7.07,4.09,5.41,344.38,-46.13,-37.06,-2.07,2.20,-0.91
50,0.11,-2.11,-0.26,-7.57,3.23,5.32,345.38,-50.56,-31.19,-1.33,0.74,-1.59
50,-1.46,-1.40,-2.50,-8.10,2.27,5.03,346.56,-55.75,-24.25,-1.18,1.21,-1.15
50,-0.10,0.17,1.82,-8.52,1.38,4.63,347.88,-60.38,-16.56,-1.77,1.87,-1.77
50,1.32,0.37,-2.90,-8.96,0.38,3.94,347.63,-66.12,-5.56,-2.16,1.21,-0.82
50,1.74,-2.20,-3.32,-9.14,-0.33,3.51,346.63,-68.87,5.38,-1.41,1.59,-0.65
50,-0.93,0.82,4.03,-9.25,-0.43,3.21,345.50,-70.62,7.69,-0.34,0.14,-0.11
50,0.56,-0.96,-0.78,-9.38,-0.56,2.77,343.81,-73.19,11.50,-0.93,1.38,0.48
50,-3.80,-1.10,-0.43,-9.50,-0.39,2.37,341.75,-75.75,9.44,-0.27,0.64,0.20
50,0.60,0.94,9.76,-9.60,-0.38,1.93,341.50,-77.87,10.81,-0.24,0.95,0.13
50,-0.62,-0.92,0.11,-9.71,-0.47,1.26,338.25,-81.37,17.75,-1.68,1.22,-0.11
50,0.62,-0.18,1.12,-9.77,-0.59,0.46,333.75,-84.94,3.31,-2.81,1.69,-0.03
50,-0.65,1.07,-0.83,-9.77,-0.74,-0.21,329.56,-85.62,175.88,0.01,-0.17,-0.42
50,-0.22,-0.16,-0.94,-9.77,-0.81,-0.17,330.06,-85.12,175.25,-0.07,-0.06,-0.05
50,0.45,0.03,-0.19,-9.77,-0.79,-0.13,329.81,-85.19,175.25,-0.05,-0.06,0.13
50,-0.16,-0.08,-0.53,-9.77,-0.75,-0.11,329.50,-85.44,175.50,-0.00,-0.04,0.02
50,-0.45,0.22,-0.88,-9.77,-0.72,-0.10,329.38,-85.56,175.63,-0.02,0.02,0.14
50,0.29,-0.71,1.82,-9.78,-0.61,-0.08,330.88,-86.12,176.19,0.01,-0.08,0.33
50,-0.29,0.50,1.91,-9.78,-0.59,-0.08,332.56,-86.50,176.56,0.36,0.04,-0.11
50,-0.24,0.55,0.14,-9.78,-0.65,-0.08,335.13,-86.12,176.19,0.16,0.00,-0.02
50,0.05,-0.08,-0.58,-9.78,-0.66,-0.08,336.88,-86.06,176.13,0.03,0.01,-0.03
50,0.24,-0.36,-0.20,-9.78,-0.66,-0.08,336.94,-86.06,176.06,0.03,0.00,0.01
50,-0.27,0.34,-0.29,-9.78,-0.62,-0.08,336.88,-86.19,176.25,0.07,0.01,0.11
50,0.05,0.15,-0.05,-9.78,-0.61,-0.08,336.88,-86.37,176.38,0.04,-0.01,0.02
50,-0.38,0.27,-0.15,-9.79,-0.52,-0.08,336.56,-86.69,176.69,-0.01,-0.00,0.29
50,-0.19,0.53,0.01,-9.79,-0.44,-0.07,336.00,-87.25,177.31,-0.00,-0.02,0.12
50,-0.13,-0.34,-0.16,-9.79,-0.42,-0.06,335.63,-87.44,177.44,-0.11,-0.02,0.06
50,-0.02,0.13,-0.06,-9.79,-0.40,-0.06,336.56,-87.56,177.63,-0.05,-0.02,0.05
50,0.03,0.26,0.10,-9.79,-0.40,-0.06,337.63,-87.62,177.63,-0.04,0.00,-0.01
50,-0.01,-0.30,-0.08,-9.79,-0.37,-0.07,338.38,-87.69,177.69,-0.04,0.02,0.08
50,-0.12,0.00,-0.14,-9.80,-0.33,-0.07,339.00,-87.94,177.94,-0.00,0.01,0.08
50,0.12,0.12,-0.03,-9.80,-0.33,-0.07,339.69,-87.94,178.00,-0.01,-0.01,-0.02
50,0.05,0.21,-0.05,-9.80,-0.30,-0.07,340.19,-88.12,178.13,-0.04,-0.00,0.06
50,0.01,-0.06,-0.06,-9.80,-0.26,-0.07,340.38,-88.25,178.31,-0.05,-0.00,0.10
50,-0.24,-0.83,0.30,-9.80,-0.12,-0.08,340.50,-88.87,178.94,0.10,0.02,0.39
50,-0.26,0.36,2.44,-9.80,0.10,-0.02,340.56,-89.37,-179.50,0.32,-0.40,0.32
50,-1.88,0.91,5.21,-9.80,0.16,-0.27,339.13,-88.44,-179.00,-0.93,0.74,0.10
50,-0.93,0.33,2.70,-9.80,0.08,-0.25,337.00,-88.12,-179.38,-0.98,-0.50,-0.19
50,2.39,0.76,2.79,-9.80,0.17,-0.28,334.75,-88.37,-179.13,-1.11,0.25,0.32
50,2.39,-0.38,-6.67,-9.78,0.20,-0.59,330.56,-86.44,-178.88,-1.38,0.60,0.01
50,-1.06,0.80,-7.58,-9.78,0.34,-0.57,327.94,-86.19,-178.00,-0.47,0.22,0.23
50,-0.39,0.26,-8.24,-9.78,0.31,-0.57,328.63,-86.12,-178.06,0.73,-0.03,-0.07
50,-1.03,0.52,-4.68,-9.78,0.21,-0.65,332.25,-86.00,-178.63,1.24,0.12,-0.09
51,0.83,-0.19,-2.62,-9.76,0.03,-0.90,336.75,-84.94,-179.50,1.31,0.57,-0.37
50,0.77,-0.07,4.24,-9.76,-0.14,-0.91,342.81,-84.56,179.13,1.95,-0.25,-0.09
50,-0.92,0.12,-1.86,-9.80,-0.06,-0.15,341.06,-89.00,179.56,-0.64,0.48,0.03
50,2.67,-1.58,4.76,-9.80,-0.09,-0.28,343.81,-88.19,179.38,0.87,0.87,-0.14
50,-2.21,0.32,2.66,-9.80,0.06,-0.11,342.31,-89.25,-179.63,-0.12,-0.86,0.52
50,-1.24,0.07,2.43,-9.80,0.06,0.02,341.25,-89.44,-0.50,-0.41,-0.13,-0.19
50,1.14,0.24,2.61,-9.80,-0.02,0.05,340.00,-89.62,0.12,-0.87,-0.03,-0.28
50,1.76,0.05,0.42,-9.80,-0.07,0.06,337.44,-89.44,0.37,-1.11,0.03,-0.04
50,4.32,-0.27,-2.73,-9.80,-0.04,-0.20,334.63,-88.75,179.75,-0.69,0.48,0.22
50,0.32,1.62,-3.65,-9.80,0.21,-0.24,331.13,-88.06,-178.69,-1.04,0.44,0.56
50,-1.36,-0.20,-11.28,-9.77,0.42,-0.62,328.56,-85.56,-177.50,0.53,0.33,0.36
50,-2.89,0.96,-5.35,-9.78,0.46,-0.45,331.56,-86.19,-177.25,1.15,-0.13,-0.16
50,-0.68,-0.16,-4.77,-9.78,0.13,-0.69,336.50,-85.81,-179.19,1.14,0.66,-0.83
50,2.77,0.38,-5.31,-9.74,-0.34,-1.02,342.25,-83.62,177.94,1.18,0.48,-0.85
50,0.12,2.22,8.89,-9.75,-0.63,-0.72,349.94,-84.31,176.25,2.21,-0.74,-0.14
50,-2.57,9.41,-6.60,-9.78,-0.66,0.00,346.31,-86.12,176.13,1.47,-1.13,-0.02
50,0.41,-1.06,1.58,-9.77,-0.72,-0.04,347.13,-85.69,175.69,0.27,0.08,-0.11
50,-0.38,-0.85,-0.08,-9.78,-0.65,-0.07,346.44,-86.12,176.13,-0.13,-0.02,0.15
50,0.37,0.44,-0.13,-9.78,-0.59,-0.07,345.75,-86.44,176.50,-0.11,0.03,0.03
50,-0.24,0.30,-0.07,-9.78,-0.59,-0.07,345.75,-86.44,176.50,0.02,0.01,-0.01
50,0.08,-0.28,-0.29,-9.78,-0.60,-0.09,345.75,-86.37,176.44,-0.02,0.03,-0.06
50,-0.23,-0.02,0.04,-9.78,-0.61,-0.08,345.81,-86.37,176.38,0.02,-0.04,0.03
50,0.02,0.13,-0.26,-9.78,-0.59,-0.07,345.69,-86.50,176.50,0.01,-0.00,0.05
50,-0.03,0.49,0.01,-9.78,-0.57,-0.07,345.69,-86.56,176.63,0.02,-0.01,0.00
50,-0.10,-0.01,-0.01,-9.78,-0.58,-0.07,345.81,-86.50,176.56,0.01,0.02,-0.01
50,-0.03,0.21,-0.03,-9.78,-0.59,-0.08,345.81,-86.50,176.50,-0.01,0.02,-0.03
50,-0.03,0.00,-0.07,-9.78,-0.59,-0.08,345.81,-86.44,176.50,0.00,-0.03,-0.01
50,0.00,-0.16,-0.22,-9.78,-0.58,-0.08,345.75,-86.50,176.50,-0.00,0.00,0.01
50,0.00,0.13,-0.03,-9.78,-0.58,-0.08,345.81,-86.50,176.50,0.05,0.02,0.01
51,-0.02,-0.02,-0.05,-9.78,-0.58,-0.08,346.00,-86.50,176.50,0.13,0.00,0.02
50,-0.13,0.10,0.03,-9.78,-0.57,-0.09,346.38,-86.50,176.56,0.12,0.02,0.07
50,-0.21,0.12,-0.17,-9.79,-0.51,-0.08,346.56,-86.81,176.88,0.38,-0.06,0.18
50,-1.73,0.98,3.13,-9.79,-0.45,0.07,346.94,-87.25,2.69,-0.15,-0.24,0.07
50,-1.88,-0.27,1.21,-9.79,-0.53,-0.07,346.19,-87.00,177.00,-0.45,0.53,-0.22
50,-3.15,-1.07,-1.87,-9.78,-0.57,0.00,345.00,-86.56,176.63,-0.57,-0.99,-0.00
50,-3.28,-0.60,1.07,-9.75,-0.58,0.86,344.00,-84.75,3.31,-0.02,-1.88,-0.14
50,-0.95,-1.02,-1.00,-9.64,-0.71,1.59,343.75,-80.56,25.50,-0.42,-1.65,-0.21
50,-1.39,-0.32,-2.57,-9.37,-0.71,2.79,342.56,-74.69,16.50,0.12,-3.42,0.25
50,-0.98,0.49,-2.65,-8.82,-0.67,4.23,341.69,-65.69,9.50,-0.11,-2.98,-0.04
50,-1.67,0.40,-5.55,-8.06,-0.74,5.53,341.25,-57.38,7.94,-0.15,-3.79,-0.14
50,-0.65,1.29,-1.67,-6.50,-0.68,7.30,341.19,-44.44,5.81,0.56,-5.22,-0.11
50,0.47,0.51,-3.89,-4.89,-0.70,8.46,341.69,-32.00,4.63,-0.04,-3.77,-0.36
50,1.00,0.02,-5.69,-3.18,-0.78,9.24,342.06,-21.19,5.00,0.02,-4.13,-0.21
50,0.25,0.54,-2.87,-1.12,-0.51,9.72,341.56,-9.19,3.31,0.62,-4.62,0.22
50,0.10,0.45,0.45,0.91,-0.20,9.76,340.88,3.25,1.56,0.80,-4.09,0.09
50,0.05,-0.08,-3.16,2.36,-0.12,9.51,340.94,12.25,0.69,-0.04,-2.96,-0.15
50,2.81,0.04,-2.92,3.75,0.00,9.05,341.75,20.75,0.25,0.26,-3.04,-0.41
50,-1.10,0.22,-0.36,5.12,0.24,8.35,341.69,29.75,-1.31,0.68,-3.29,0.22
50,0.56,-0.47,-2.88,5.96,0.28,7.77,340.94,36.44,-2.06,0.15,-1.84,0.20
50,-0.02,0.06,-0.51,6.77,0.29,7.08,339.75,42.50,-2.25,0.41,-2.33,0.33
50,0.98,0.22,-2.05,7.26,0.28,6.58,339.44,46.94,-2.50,-0.02,-1.38,0.08
50,-0.11,-0.17,-1.36,7.82,0.19,5.90,339.19,51.94,-2.00,-0.09,-1.95,0.20
50,0.23,-0.22,-2.50,8.17,0.13,5.41,339.25,55.69,-1.56,-0.32,-1.16,-0.01
50,-0.68,-0.14,-3.12,8.59,0.01,4.72,339.44,60.19,-0.37,-0.20,-1.77,0.16
50,-0.71,0.73,-3.64,9.02,0.05,3.82,339.50,65.69,-0.25,-0.01,-2.21,-0.25
50,0.04,0.09,-3.40,9.43,0.23,2.66,339.94,72.75,-3.75,0.36,-2.56,-0.31
50,1.73,0.20,-2.34,9.65,0.61,1.60,340.56,78.94,-16.56,0.74,-2.24,-0.76
50,2.62,-0.04,-1.01,9.72,0.73,1.05,340.88,82.19,-33.75,-0.09,-0.84,-0.06
50,2.78,0.45,-2.15,9.73,0.74,0.90,340.75,82.87,-36.81,0.24,-0.38,-0.03
50,4.85,1.75,13.29,9.75,0.83,0.57,340.31,83.81,-4.94,-0.19,-0.80,-0.11
50,0.82,-1.60,4.68,9.76,0.84,0.28,344.63,84.69,-4.94,-0.45,-0.59,0.00
50,-0.16,-0.28,-0.59,9.76,0.86,0.28,345.25,84.69,-5.00,-0.18,-0.01,-0.11
50,-1.72,0.22,-0.52,9.75,0.96,0.28,346.25,84.25,-5.44,-0.22,-0.04,-0.26
50,-0.49,0.16,-0.67,9.75,0.95,0.28,346.81,84.06,-5.63,-0.11,0.02,0.13
50,0.14,-0.17,-0.62,9.76,0.87,0.28,346.56,84.56,-5.06,-0.08,-0.01,0.20
50,-0.17,-0.32,-0.54,9.77,0.73,0.29,345.81,85.31,-4.25,-0.03,0.02,0.36
50,-0.08,-0.49,-0.86,9.78,0.50,0.29,344.50,86.56,-2.88,-0.03,0.01,0.55
50,-0.53,-0.10,-0.64,9.79,0.25,0.28,343.06,87.75,-1.44,0.03,0.03,0.48
50,-0.32,-0.36,-0.41,9.80,0.14,0.28,342.44,88.06,-0.81,0.03,-0.01,0.07
50,-0.47,0.26,-0.78,9.80,0.10,0.28,342.00,88.19,-0.56,0.05,0.02,0.09
50,-0.36,0.22,-0.92,9.80,0.11,0.23,342.06,88.44,-0.63,0.01,0.02,-0.05
50,-0.37,0.08,-0.57,9.80,0.17,0.17,342.31,88.50,-1.00,0.04,-0.01,-0.12
50,-0.30,-0.11,-0.44,9.80,0.21,0.12,342.50,88.50,-1.19,0.00,0.01,-0.05
50,-0.35,-0.22,-0.48,9.80,0.23,0.10,342.63,88.44,-1.37,0.00,0.01,-0.04
50,-0.42,-0.16,-0.31,9.80,0.22,0.07,342.56,88.56,-1.31,0.02,0.00,0.01
50,-0.17,0.12,-0.18,9.80,0.22,0.07,342.44,88.56,-1.31,0.03,-0.00,0.01
50,0.13,-0.31,2.56,9.80,0.13,0.11,341.69,88.94,-0.75,0.21,0.22,0.37
50,-1.50,0.30,4.01,9.80,-0.14,0.21,339.75,88.44,0.81,0.17,-0.21,0.69
50,-2.79,-0.73,2.86,9.80,-0.23,-0.13,339.44,88.37,178.56,-0.38,-0.67,0.04
50,-1.34,0.72,-1.66,9.79,-0.15,-0.37,341.00,87.62,179.06,-0.28,-0.47,-0.44
50,2.84,0.54,-2.20,9.78,0.04,-0.57,342.13,86.62,-179.69,0.07,-0.30,-0.20
50,1.48,-0.21,-5.70,9.78,-0.01,-0.63,342.44,86.25,179.94,-0.48,0.04,0.15
50,0.77,-0.36,-5.83,9.77,-0.04,-0.78,342.94,85.56,179.75,-0.22,-0.34,0.12
50,-1.61,-0.06,-6.99,9.77,-0.06,-0.81,343.25,85.12,179.56,-0.16,0.06,-0.06
50,-1.66,0.62,-4.32,9.77,0.06,-0.80,343.56,85.19,-179.75,0.69,0.15,-0.39
50,-2.06,0.77,-2.73,9.78,0.25,-0.65,342.94,85.69,-178.75,0.73,0.46,-0.49
50,-0.51,0.52,4.81,9.79,0.44,-0.31,341.50,86.69,-177.56,1.13,0.63,-0.42
51,4.06,2.87,-10.98,9.79,0.49,0.11,344.31,86.81,-3.06,0.25,-0.25,0.33
50,3.00,2.10,7.52,9.79,0.56,0.04,342.63,87.06,-2.81,1.09,-0.52,-0.80
50,-0.43,0.88,0.52,9.79,0.56,-0.05,343.19,86.37,-176.38,-0.95,0.02,0.47
50,0.28,0.15,5.00,9.79,0.42,-0.01,343.69,87.37,-177.38,-0.35,-0.12,0.23
50,-1.20,-0.08,1.40,9.80,0.26,-0.18,344.94,88.00,-178.19,-1.05,-0.46,0.47
50,-1.00,-0.26,-4.06,9.79,0.12,-0.38,346.75,87.94,-179.13,-0.42,-0.63,0.20
50,-1.53,0.65,-6.10,9.78,0.12,-0.63,347.50,86.31,-179.25,-0.35,-0.27,-0.02
50,-0.76,0.40,-8.23,9.78,0.14,-0.57,348.06,86.25,-179.19,0.35,0.47,-0.12
50,0.04,1.04,-8.00,9.79,0.10,-0.44,346.56,87.31,-179.25,0.74,0.01,0.10
50,0.42,0.94,-4.54,9.80,0.04,-0.25,343.50,88.12,-179.63,1.10,0.66,0.15
50,-2.16,0.90,-3.51,9.80,-0.03,-0.09,340.00,89.37,179.81,0.92,0.03,0.01
50,0.05,0.88,5.07,9.80,0.03,0.21,336.88,89.37,-0.06,0.73,1.12,-0.18
50,0.24,-3.78,-4.80,9.80,0.03,0.13,340.69,89.37,-0.25,0.91,0.66,0.46
50,-2.00,-0.26,2.07,9.80,-0.03,0.28,339.88,88.25,0.31,0.12,0.02,0.07
50,-1.99,0.52,0.42,9.80,0.10,0.10,341.00,88.87,-0.50,-0.28,-0.47,-0.27
50,0.15,0.18,-0.85,9.80,0.14,0.03,341.88,89.19,-0.75,-0.17,0.01,0.02
50,1.73,0.32,0.48,9.80,0.19,0.03,342.44,88.81,-1.06,-0.13,-0.03,-0.06
50,-0.38,-0.28,-0.22,9.80,0.20,0.02,342.88,88.75,-1.12,-0.05,0.00,-0.01
50,-0.42,0.05,-0.65,9.80,0.21,0.02,342.88,88.75,-1.19,0.00,-0.01,-0.03
50,-0.24,-0.02,-0.27,9.80,0.21,0.01,342.94,88.69,-1.19,-0.02,-0.01,-0.02
50,-0.37,0.05,-0.38,9.80,0.23,0.01,343.00,88.62,-1.31,0.00,0.01,-0.01
50,-0.32,-0.26,-0.36,9.80,0.22,-0.02,342.94,88.62,-178.69,-0.01,0.01,0.02
50,-0.37,-0.08,-0.34,9.80,0.22,-0.03,342.94,88.69,-178.69,0.03,-0.00,-0.04
50,-0.24,0.11,-0.48,9.80,0.23,-0.03,342.94,88.56,-178.56,0.00,0.00,-0.01
50,-0.37,0.00,-0.30,9.80,0.24,-0.04,343.00,88.50,-178.50,-0.02,-0.00,0.01
50,-0.30,-0.18,-0.23,9.80,0.24,-0.04,343.06,88.50,-178.50,0.02,0.01,0.00
50,-0.44,0.02,-0.39,9.80,0.26,-0.08,343.06,88.44,-178.50,-0.01,-0.03,-0.07
50,-0.23,-0.02,-0.29,9.80,0.31,-0.09,343.44,88.06,-178.13,-0.01,0.02,-0.08
50,-0.31,0.00,-0.36,9.80,0.32,-0.11,343.50,88.00,-178.13,-0.01,-0.00,0.00
51,-0.33,-0.06,-0.31,9.80,0.31,-0.13,343.50,87.94,-178.13,-0.01,-0.00,0.01
50,-0.26,-0.06,-0.33,9.80,0.30,-0.15,343.38,88.00,-178.19,0.02,-0.00,0.02
50,-0.33,-0.05,-0.21,9.80,0.29,-0.16,343.31,88.00,-178.25,0.01,-0.00,0.01
50,-0.24,0.00,-0.28,9.80,0.29,-0.17,343.25,87.94,-178.25,0.02,-0.00,0.01
50,-0.30,-0.04,-0.23,9.80,0.28,-0.18,343.13,88.00,-178.31,0.02,0.00,0.02
50,-0.33,0.00,-0.26,9.80,0.27,-0.20,343.06,88.00,-178.38,0.01,0.00,0.02
50,-0.27,-0.01,-0.22,9.80,0.26,-0.20,343.00,88.00,-178.38,0.00,0.01,0.02
50,-0.30,-0.03,-0.23,9.80,0.25,-0.21,342.94,88.00,-178.50,0.01,-0.00,0.01
50,-0.31,-0.06,-0.17,9.80,0.25,-0.22,342.94,87.94,-178.50,0.01,-0.01,0.00
50,-0.27,0.02,-0.22,9.80,0.25,-0.23,342.88,87.94,-178.50,0.02,-0.00,0.03
50,-0.04,0.07,-0.16,9.80,0.22,-0.24,342.69,88.06,-178.63,0.02,0.01,0.07
50,0.05,0.09,-0.21,9.80,0.19,-0.24,342.44,88.19,-178.88,0.01,0.00,0.08
50,-0.12,-0.04,-0.17,9.80,0.14,-0.25,342.13,88.25,-179.13,0.02,-0.00,0.10
50,0.02,0.05,-0.20,9.80,0.10,-0.26,341.88,88.31,-179.31,0.01,-0.02,0.06
50,-0.23,-0.08,-0.12,9.80,0.08,-0.27,341.69,88.31,-179.50,0.00,-0.01,0.07
50,0.33,0.26,-0.14,9.80,0.06,-0.26,341.56,88.37,-179.56,0.02,0.04,0.02
50,-0.06,0.05,-0.14,9.80,0.06,-0.26,341.44,88.37,-179.56,0.05,0.01,-0.00
50,-0.07,-0.04,-0.10,9.80,0.06,-0.26,341.38,88.37,-179.56,0.03,-0.01,-0.01
50,-0.25,-0.01,-0.08,9.80,0.05,-0.29,341.25,88.25,-179.63,0.03,-0.09,0.01
50,-0.12,-0.04,-0.09,9.79,0.08,-0.38,341.19,87.69,-179.50,0.06,-0.21,-0.06
50,0.09,0.16,-0.31,9.79,0.08,-0.40,341.13,87.56,-179.50,-0.01,0.14,-0.00
50,-0.07,0.01,-0.11,9.79,0.10,-0.37,341.31,87.69,-179.38,-0.01,0.04,-0.06
50,-0.18,0.15,-0.15,9.80,0.11,-0.34,341.38,87.87,-179.31,-0.01,0.02,0.00
50,0.39,0.09,-0.05,9.80,0.12,-0.33,341.50,87.87,-179.25,-0.02,0.04,-0.03
50,-0.07,0.06,-0.17,9.79,0.12,-0.35,341.44,87.81,-179.25,0.02,-0.10,0.02
50,0.29,-0.03,-0.08,9.79,0.13,-0.40,341.44,87.50,-179.19,0.04,-0.08,-0.02
50,0.13,0.00,-0.20,9.79,0.14,-0.52,341.38,86.75,-179.13,0.05,-0.31,-0.09
50,0.16,0.05,-0.09,9.79,0.16,-0.54,341.38,86.62,-179.00,-0.01,0.14,0.06
50,-0.03,-0.01,-0.09,9.79,0.13,-0.51,341.31,86.81,-179.19,-0.01,-0.01,-0.00
50,0.05,0.02,-0.05,9.79,0.12,-0.50,341.25,86.94,-179.19,0.02,0.03,0.02
50,-0.10,0.03,-0.03,9.79,0.13,-0.53,341.25,86.75,-179.19,0.02,-0.09,-0.02
50,-0.04,0.05,-0.13,9.79,0.14,-0.54,341.25,86.62,-179.13,0.01,0.04,-0.00
50,0.13,-0.08,-0.34,9.78,0.15,-0.57,341.31,86.56,-179.13,0.03,-0.04,-0.03
50,-0.01,0.05,-0.12,9.79,0.14,-0.55,341.25,86.62,-179.06,0.01,0.06,0.01
50,-0.06,0.05,-0.04,9.78,0.15,-0.56,341.25,86.56,-179.13,0.02,-0.05,-0.03
50,0.17,0.11,-0.20,9.78,0.16,-0.57,341.31,86.44,-179.00,0.03,-0.01,-0.02
50,-0.29,-0.11,0.09,9.78,0.15,-0.56,341.25,86.50,-179.06,-0.01,0.03,0.03
50,0.00,-0.03,-0.23,9.78,0.14,-0.56,341.13,86.56,-179.13,0.02,-0.01,0.01
50,-0.12,0.00,0.00,9.78,0.13,-0.55,341.06,86.62,-179.19,0.01,0.02,0.03
50,0.02,0.04,-0.03,9.78,0.13,-0.59,341.00,86.44,-179.19,0.03,-0.09,-0.01
50,-0.06,0.04,-0.17,9.78,0.14,-0.64,341.00,86.19,-179.19,0.03,-0.13,-0.03
50,-0.02,0.01,-0.04,9.77,0.17,-0.72,341.13,85.69,-179.00,0.01,-0.16,-0.08
50,0.17,0.04,-0.32,9.77,0.20,-0.78,341.31,85.25,-178.81,-0.03,-0.11,-0.03
50,-0.17,0.03,-0.09,9.77,0.21,-0.81,341.31,85.06,-178.75,0.00,-0.06,-0.04
50,0.03,0.05,-0.15,9.76,0.23,-0.86,341.50,84.81,-178.63,0.01,-0.09,-0.04
50,0.05,0.02,0.13,9.76,0.25,-0.90,341.56,84.56,-178.50,0.03,-0.07,-0.05
50,0.17,0.01,-0.20,9.75,0.28,-0.95,341.81,84.19,-178.31,-0.03,-0.13,-0.05
50,0.23,0.08,0.47,9.75,0.25,-0.93,341.63,84.31,-178.50,-0.04,0.13,0.14
50,0.79,0.04,1.70,9.76,0.15,-0.88,341.31,84.69,-179.06,-0.02,0.06,0.24
50,1.97,0.28,1.74,9.77,-0.11,-0.79,339.88,85.25,179.31,-0.20,0.40,0.84
50,1.04,0.35,0.72,9.75,-0.75,-0.63,336.50,84.19,175.56,0.07,0.36,1.68
50,1.91,0.53,-0.54,9.60,-1.99,0.01,329.63,78.25,89.44,-0.18,2.54,3.40
50,-2.36,3.12,-5.72,8.80,-4.01,1.58,319.50,63.88,68.50,0.64,2.93,4.87
50,-1.40,1.04,-1.10,7.44,-5.71,2.85,308.06,49.31,63.38,0.71,3.46,4.46
50,-3.57,1.09,0.35,5.40,-7.00,4.22,299.81,33.38,58.88,0.90,2.59,3.97
50,-0.90,-0.81,0.24,3.96,-7.60,4.74,293.13,23.81,58.00,0.11,1.31,2.66
50,-2.36,-1.37,-0.13,2.70,-7.97,5.02,288.38,16.00,57.75,0.19,1.34,2.14
50,0.29,-1.24,1.32,1.85,-8.12,5.17,286.00,10.88,57.44,-0.12,0.99,1.20
51,-0.45,-0.36,-0.19,1.17,-8.26,5.14,284.69,6.81,58.06,-0.20,1.23,1.04
50,0.84,0.82,0.42,0.44,-8.35,5.11,284.06,2.56,58.50,-0.37,1.32,1.02
50,0.93,1.56,-0.38,-0.38,-8.42,5.00,283.19,-2.25,59.25,-0.13,1.63,1.24
50,1.18,0.63,0.67,-1.20,-8.39,4.91,282.19,-7.06,59.63,-0.15,1.23,1.13
50,1.11,0.69,-0.47,-2.06,-8.35,4.69,281.00,-12.13,60.63,-0.28,1.68,1.37
50,0.83,0.18,1.27,-2.93,-8.27,4.36,280.31,-17.37,62.13,-0.38,1.78,1.20
50,1.49,0.97,-0.92,-4.07,-8.15,3.61,279.31,-24.50,66.06,-0.85,3.12,2.10
50,0.51,1.04,0.73,-5.40,-7.74,2.64,278.00,-33.44,71.12,-0.68,3.06,2.04
50,1.28,1.67,-2.36,-6.52,-7.22,1.22,277.06,-41.63,80.37,-1.06,4.06,2.28
50,-1.51,0.32,0.58,-7.29,-6.55,-0.17,275.88,-48.06,91.50,-1.00,3.13,1.83
50,-0.84,0.91,-1.18,-7.60,-5.92,-1.78,275.69,-50.88,106.75,-1.05,3.62,1.54
50,-0.38,-0.13,-0.23,-7.56,-5.44,-3.05,276.38,-50.44,119.31,-0.65,2.24,0.66
50,-0.62,0.12,-0.38,-7.38,-5.05,-4.00,276.94,-48.88,128.38,-0.75,2.04,0.84
50,-0.34,0.62,0.46,-7.02,-4.80,-4.86,278.50,-45.75,135.38,-0.77,2.15,0.07
50,-2.05,0.36,-3.53,-6.47,-4.58,-5.76,281.44,-41.25,141.44,-0.93,1.94,-0.26
50,0.30,-0.69,1.98,-5.90,-4.59,-6.34,286.25,-36.94,144.06,-0.39,1.69,-0.43
50,0.39,1.35,-0.86,-4.93,-4.47,-7.19,211.50,-30.19,148.06,0.07,2.58,-0.53
50,-1.28,-0.15,-1.03,-4.31,-4.54,-7.54,211.38,-26.06,148.88,-0.11,1.39,-0.68
50,3.33,0.55,0.61,-3.27,-4.48,-8.08,211.63,-19.50,150.94,-0.77,2.61,-0.45
50,-2.88,1.05,-2.48,-2.51,-4.24,-8.47,212.06,-14.81,153.31,-0.62,1.92,-0.25
50,-0.47,-1.02,0.67,-1.35,-2.91,-9.26,212.63,-7.94,162.50,-2.85,2.23,-0.04
50,-0.19,0.31,0.81,-0.46,-1.94,-9.60,213.75,-2.69,168.50,-1.81,1.85,0.11
50,0.12,-0.78,-0.29,0.10,-2.10,-9.57,213.94,0.56,167.63,1.04,1.25,0.05
50,2.59,1.81,-2.15,0.62,-2.05,-9.56,214.50,3.63,167.88,0.01,0.53,-0.01
50,-1.90,0.24,-0.42,0.74,-2.17,-9.53,215.38,4.31,167.13,-0.05,0.65,0.38
50,1.42,0.20,1.47,0.90,-1.72,-9.61,216.31,5.13,169.25,-1.01,0.30,0.33
50,-1.41,-1.33,1.69,0.96,-1.53,-9.63,217.44,5.75,170.94,0.03,-0.24,0.31
50,0.16,0.26,-1.44,0.93,-1.46,-9.65,218.75,5.44,171.31,-0.40,-0.10,0.46
50,-1.11,-2.42,0.48,0.78,-0.93,-9.73,219.56,4.56,174.50,-1.64,-0.02,0.14
51,-0.27,0.38,0.18,0.81,-0.26,-9.76,221.00,4.75,178.38,-1.04,-0.15,0.25
50,-2.48,1.09,-1.26,0.79,-0.13,-9.77,221.94,4.63,179.19,-0.06,0.22,0.26
50,-0.34,0.80,-1.63,0.88,-0.21,-9.76,223.00,5.13,178.75,0.25,0.06,0.27
50,-0.09,0.05,0.81,0.76,-0.17,-9.77,223.50,4.44,178.94,-0.02,-0.36,-0.04
50,-0.33,0.68,-0.58,0.71,-0.21,-9.77,224.06,4.13,178.69,0.20,0.04,0.22
50,-0.27,0.34,0.02,0.66,-0.32,-9.77,224.69,3.81,178.06,0.25,-0.14,0.14
50,-0.81,0.73,-1.00,0.61,-0.45,-9.77,224.88,3.63,177.44,0.18,-0.05,0.12
50,-0.14,0.21,-0.31,0.55,-0.57,-9.77,225.38,3.25,176.81,0.35,-0.07,0.16
50,-1.21,-0.42,0.05,0.49,-0.77,-9.76,225.88,2.88,175.63,0.38,-0.07,0.10
50,-0.25,0.31,0.23,0.44,-0.96,-9.74,226.00,2.63,174.63,0.47,-0.14,-0.08
50,0.38,0.53,1.39,0.45,-1.18,-9.72,226.06,2.63,173.38,0.58,-0.04,0.14
50,-0.73,1.34,1.77,0.46,-1.42,-9.69,226.31,2.50,171.88,0.52,0.38,0.03
50,2.11,1.34,0.95,0.92,-1.98,-9.55,226.50,5.00,169.38,1.44,1.28,0.22
50,-0.08,1.71,-2.48,0.86,-3.36,-9.17,227.75,5.25,161.25,3.42,-0.08,0.52
50,0.62,0.06,-2.21,0.82,-4.94,-8.42,228.19,4.81,153.25,5.33,0.35,0.30
50,-5.01,-2.13,-2.94,0.52,-6.60,-7.23,228.88,3.44,138.75,3.11,-0.44,0.69
50,-2.15,-2.86,-1.04,0.54,-6.53,-7.29,229.88,3.00,137.69,-0.61,0.57,0.14
50,0.91,-0.73,0.70,0.66,-6.24,-7.53,230.25,3.75,139.94,-0.71,0.26,-0.11
50,-0.36,1.18,1.29,0.77,-5.78,-7.88,230.31,4.06,142.81,-1.44,0.25,-0.35
50,1.72,0.14,0.55,1.00,-5.23,-8.22,229.56,5.81,147.06,-1.01,0.17,-0.12
50,0.80,1.63,0.02,1.08,-4.73,-8.52,230.38,6.13,150.00,-1.46,0.44,0.11
50,-0.86,0.47,-1.49,1.21,-4.20,-8.77,230.13,6.88,153.88,-1.03,0.14,-0.14
50,2.68,3.99,4.79,1.27,-3.42,-9.10,230.50,7.88,156.50,-1.62,0.11,0.14
50,-1.69,0.00,0.68,0.97,-0.93,-9.71,231.75,6.00,171.50,-5.53,-0.64,0.26
50,0.63,-2.53,2.99,0.50,-0.12,-9.79,232.81,2.94,179.25,0.39,-1.35,0.10
50,-0.42,0.79,1.62,0.45,-0.28,-9.79,233.19,2.63,178.31,0.70,0.03,0.09
50,1.40,0.36,1.79,0.52,-0.33,-9.78,233.50,3.00,178.00,-0.12,0.19,0.09
50,0.00,1.11,0.93,0.40,-0.40,-9.78,234.31,2.31,177.56,0.08,-0.54,0.31
50,0.25,1.03,-1.71,0.30,-0.31,-9.79,235.19,1.75,178.13,-0.20,-0.25,0.20
50,-1.56,-0.37,-2.85,0.14,-0.29,-9.80,235.81,0.81,178.25,0.14,-0.26,0.06
50,-1.68,-0.68,-2.29,0.10,-0.30,-9.80,236.19,0.63,178.19,-0.13,0.10,0.05
50,-0.88,-0.16,-1.22,0.14,-0.20,-9.80,236.00,0.81,178.75,-0.22,0.02,-0.29
50,1.80,-1.09,3.41,0.12,-0.11,-9.80,235.25,0.75,179.31,-0.10,0.01,-0.33
50,0.64,0.82,-0.55,-0.07,1.03,-9.75,234.69,-0.44,-173.94,-2.11,-0.41,-0.20
50,1.20,1.28,0.00,-0.30,1.88,-9.61,234.75,-1.75,-168.88,-1.76,-0.42,-0.02
50,-0.24,0.10,0.15,-0.56,2.34,-9.50,235.13,-3.31,-166.13,-0.30,-0.68,-0.06
50,-1.66,3.44,-1.85,-0.90,2.55,-9.42,235.06,-5.25,-164.75,-1.04,-0.71,-0.39
50,3.88,0.22,5.76,-0.77,1.00,-9.72,234.44,-4.50,-174.06,0.92,0.13,-0.33
50,-0.79,0.28,-0.40,-0.69,1.19,-9.70,234.94,-4.00,-172.94,0.10,-0.12,-0.11
50,-0.05,-0.05,0.20,-0.74,1.10,-9.71,234.75,-4.31,-173.50,0.07,0.04,-0.19
50,-0.90,-0.39,0.07,-0.67,0.86,-9.74,234.38,-3.94,-174.88,0.62,0.38,0.04
50,-0.04,0.21,-0.19,-0.55,0.64,-9.76,234.63,-3.19,-176.19,0.29,0.09,-0.03
50,-0.60,-0.07,0.02,-0.51,0.55,-9.77,234.69,-2.94,-176.69,0.18,0.14,0.12
50,-0.86,0.15,-0.21,-0.49,0.45,-9.78,235.19,-2.81,-177.31,0.28,-0.14,0.12
50,-0.82,0.03,-0.19,-0.71,0.23,-9.77,234.88,-4.13,-178.56,0.58,-0.46,-0.26
50,-0.87,-0.85,1.08,-1.03,-0.06,-9.75,234.25,-6.00,179.56,0.29,-0.73,-0.34
50,-0.04,0.43,-0.64,-1.54,-0.15,-9.68,233.31,-9.00,179.06,0.31,-1.65,-0.46
50,-3.15,-0.05,-0.97,-2.55,-0.46,-9.45,231.44,-15.13,177.13,0.54,-2.52,-0.97
50,0.29,0.57,-1.77,-3.62,-0.85,-9.07,229.63,-21.69,174.63,0.66,-2.35,-0.37
50,-2.22,-0.18,0.46,-4.77,-1.36,-8.45,227.63,-29.06,170.81,0.95,-3.05,-1.33
50,0.52,1.33,-2.87,-5.63,-1.92,-7.79,224.13,-35.00,166.06,0.54,-2.04,-0.96
50,-3.67,-1.80,2.40,-6.43,-2.73,-6.87,267.88,-41.00,158.25,2.01,-3.07,-1.32
50,0.51,-0.28,-1.89,-6.89,-3.45,-6.06,271.63,-44.63,150.31,0.49,-1.27,-0.81
50,-2.01,-1.88,-0.19,-7.18,-3.97,-5.35,273.81,-47.13,143.38,0.86,-2.17,-1.46
50,-0.56,-1.48,0.26,-7.31,-4.75,-4.47,276.00,-48.25,133.25,0.49,-1.78,-1.59
50,-1.13,-0.32,-2.40,-7.23,-5.38,-3.83,278.00,-47.56,125.44,0.42,-1.66,-1.74
50,0.25,0.16,-1.47,-6.97,-6.17,-3.07,281.19,-45.31,116.44,0.65,-1.50,-1.88
50,0.54,1.79,-2.42,-6.65,-6.84,-2.26,284.69,-42.69,108.25,1.46,-1.71,-1.59
51,-0.19,0.85,-0.18,-6.21,-7.48,-1.21,288.50,-39.31,99.19,1.19,-1.46,-1.61
50,0.64,1.71,-0.70,-5.77,-7.91,-0.31,291.38,-36.06,92.19,1.62,-1.39,-1.21
50,0.54,0.07,1.46,-5.30,-8.21,0.72,294.63,-32.69,84.94,1.72,-1.34,-1.31
50,-0.19,1.58,-0.87,-4.59,-8.49,1.71,296.19,-27.87,78.50,1.48,-2.38,-1.53
50,-1.77,1.06,-0.04,-3.73,-8.59,2.87,297.88,-22.31,71.44,1.79,-1.73,-1.49
50,-1.09,1.87,-1.21,-2.68,-8.59,3.88,300.63,-15.88,65.69,1.79,-2.05,-1.91
50,-2.35,0.30,0.43,-1.54,-8.35,4.89,303.88,-9.06,59.56,1.92,-1.17,-1.81
50,-0.72,0.90,-0.98,-0.73,-8.04,5.56,308.13,-4.25,55.25,1.61,-0.42,-1.70
50,-1.08,0.11,-0.20,0.06,-7.56,6.24,312.69,0.37,50.44,2.01,-0.38,-1.87
50,0.48,0.86,-0.77,0.72,-6.94,6.88,317.44,4.19,45.19,1.75,0.07,-1.80
50,-0.53,1.52,-1.91,1.30,-6.18,7.49,321.63,7.63,39.50,2.21,-0.44,-1.79
50,0.14,1.20,0.56,1.89,-5.31,8.01,325.19,11.13,33.50,1.68,-0.33,-1.41
50,0.23,1.15,-0.43,2.33,-4.65,8.30,327.63,13.31,30.00,1.23,-0.28,-1.18
50,1.42,0.15,1.82,2.64,-4.14,8.48,329.56,15.31,26.31,0.62,-0.40,-0.27
50,1.88,1.12,1.21,2.92,-3.89,8.51,329.69,16.87,24.87,0.55,-0.73,-0.41
50,1.27,1.01,1.54,3.24,-3.78,8.44,329.69,19.00,24.00,0.04,-0.73,0.14
50,1.11,2.15,-0.52,3.45,-3.92,8.29,328.63,20.37,25.06,-0.19,-0.62,0.44
50,0.40,1.73,0.47,3.51,-4.08,8.19,326.88,21.06,26.12,-0.33,-0.23,0.76
50,0.53,2.89,-1.49,3.34,-4.42,8.08,324.63,20.19,28.25,-0.50,0.00,0.94
50,0.65,2.14,-0.33,3.20,-4.61,8.03,322.00,19.12,29.62,0.02,-0.27,1.01
50,-1.21,2.10,-0.30,3.10,-4.79,7.97,318.81,18.69,30.75,-0.02,-0.32,1.06
50,0.11,1.56,-0.09,2.80,-4.98,7.96,316.00,17.00,31.69,-0.17,0.21,1.04
50,-1.02,1.73,-0.83,2.51,-5.24,7.89,313.13,15.06,33.31,-0.27,-0.07,1.14
50,-1.61,1.35,-1.39,2.35,-5.46,7.79,310.13,14.13,34.75,-0.23,-0.22,1.00
50,-1.13,1.33,-0.84,2.14,-5.61,7.75,307.38,12.88,35.69,-0.11,-0.13,0.93
50,-2.59,1.84,-1.56,2.00,-5.68,7.73,304.69,11.88,36.38,0.11,-0.30,0.77
50,-1.82,1.17,-0.42,1.82,-5.55,7.87,303.19,10.94,35.44,0.39,0.30,0.40
50,-0.03,0.37,-1.82,1.65,-5.41,8.00,302.81,9.88,34.25,0.34,0.30,0.12
50,-0.53,-0.65,-1.95,1.49,-5.24,8.14,302.81,8.94,33.13,0.52,0.45,-0.03
51,-0.06,-1.74,-1.79,1.28,-5.04,8.31,303.13,7.75,31.44,0.39,0.48,0.21
50,-1.58,-1.35,-0.87,1.16,-4.74,8.50,302.75,6.88,29.75,0.96,0.22,-0.11
50,-0.41,-0.84,-2.36,0.97,-4.37,8.72,303.44,5.94,26.94,0.69,0.59,-0.12
50,-0.68,-0.98,0.48,0.96,-3.88,8.95,303.94,5.50,24.25,1.31,-0.03,-0.35
50,-0.30,-1.04,0.16,0.92,-3.30,9.18,304.88,5.56,20.37,1.13,0.38,-0.31
50,0.79,-0.63,0.30,0.79,-2.81,9.35,305.94,4.63,17.37,1.12,0.30,-0.39
50,-0.98,-0.71,-0.42,0.80,-2.30,9.49,306.88,4.69,14.19,1.10,0.12,-0.39
50,0.23,0.55,-1.22,0.70,-1.78,9.61,308.13,4.13,11.19,1.09,0.28,-0.49
50,0.52,-0.14,2.17,0.70,-1.24,9.70,309.81,4.13,7.81,1.05,0.10,-0.70
50,-0.67,0.62,2.03,0.59,-0.98,9.73,310.69,3.56,5.94,0.46,0.34,0.03
50,-0.70,-0.01,2.12,0.55,-0.90,9.74,310.81,3.19,5.25,0.10,0.04,-0.11
50,-1.09,0.63,1.29,0.57,-0.98,9.73,310.81,3.31,5.56,-0.22,-0.09,0.08
50,-0.59,1.14,-0.58,0.46,-1.16,9.72,310.69,2.88,6.63,-0.40,0.37,-0.00
50,1.20,1.22,-0.61,0.54,-1.17,9.72,310.63,2.88,6.94,0.09,-0.38,0.08
50,-0.65,0.57,0.51,0.64,-1.13,9.71,309.94,3.81,6.56,0.06,-0.12,0.23
50,0.49,0.81,-0.45,0.43,-1.20,9.72,309.13,2.69,7.00,-0.14,0.48,0.39
50,-2.04,0.55,-0.95,0.43,-1.23,9.71,307.75,2.44,7.25,-0.02,-0.20,0.46
50,0.29,1.69,-0.03,0.18,-1.15,9.73,306.75,1.63,6.63,0.45,1.28,0.53
50,-0.27,0.00,-1.12,0.17,-1.20,9.73,305.94,1.00,7.06,-0.27,-0.08,0.39
50,-1.16,0.36,-0.81,0.15,-1.04,9.74,305.50,0.88,6.06,0.63,0.05,-0.03
50,-0.23,0.60,-0.46,0.12,-0.48,9.79,305.50,0.69,2.81,1.42,0.05,0.07
50,-0.96,0.12,-0.14,0.18,-0.41,9.79,304.88,1.06,2.38,0.02,-0.16,-0.01
50,-0.38,0.19,-1.04,0.22,-0.40,9.79,304.88,1.31,2.38,0.01,-0.09,-0.23
50,-0.17,0.59,-0.42,0.30,-0.40,9.79,305.31,1.75,2.38,0.01,-0.03,-0.30
50,-0.21,0.29,-0.42,0.31,-0.40,9.79,306.00,1.81,2.31,0.01,-0.01,-0.32
50,-0.29,0.33,-0.42,0.30,-0.40,9.79,306.19,1.75,2.31,0.00,-0.00,-0.01
50,-0.23,0.30,-0.42,0.30,-0.40,9.79,306.00,1.75,2.31,0.00,-0.00,0.01
50,-0.17,0.05,-0.43,0.30,-0.38,9.79,306.06,1.75,2.25,0.00,-0.01,-0.11
50,-0.22,0.21,-0.44,0.28,-0.37,9.79,306.13,1.63,2.19,0.00,-0.00,0.00
50,-0.21,0.22,-0.44,0.27,-0.36,9.79,305.94,1.56,2.13,0.00,0.00,0.00
50,-0.21,0.21,-0.43,0.26,-0.35,9.79,305.81,1.56,2.06,-0.01,-0.01,0.00
50,-0.18,0.19,-0.43,0.25,-0.34,9.79,305.56,1.50,2.00,-0.00,-0.00,-0.00
50,-0.18,0.20,-0.43,0.25,-0.33,9.79,305.50,1.44,1.94,-0.00,0.00,-0.00
50,-0.19,0.21,-0.42,0.24,-0.33,9.79,305.25,1.37,1.94,0.00,-0.00,-0.00
50,-0.17,0.18,-0.41,0.23,-0.32,9.79,305.19,1.37,1.88,-0.01,0.00,0.00
50,-0.17,0.19,-0.41,0.23,-0.31,9.79,305.13,1.31,1.81,0.00,0.00,-0.00
50,-0.17,0.15,-0.43,0.22,-0.31,9.79,304.81,1.31,1.81,-0.00,0.00,-0.00
50,-0.18,0.15,-0.42,0.22,-0.30,9.79,304.56,1.25,1.75,-0.00,0.00,-0.00
50,-0.17,0.15,-0.45,0.21,-0.30,9.79,304.56,1.25,1.75,0.00,-0.00,-0.00
50,-0.16,0.16,-0.42,0.21,-0.30,9.79,304.50,1.19,1.75,-0.00,-0.01,-0.00
50,-0.13,0.13,-0.42,0.20,-0.29,9.79,304.50,1.19,1.69,0.00,-0.00,0.00
50,-0.14,0.18,-0.02,0.20,-0.29,9.80,304.31,1.19,1.69,-0.00,-0.00,0.00
50,-0.12,0.15,-0.06,0.20,-0.29,9.80,304.25,1.19,1.69,0.00,-0.00,-0.00
50,-0.12,0.12,-0.03,0.20,-0.28,9.80,304.06,1.12,1.63,-0.00,-0.01,0.00
50,-0.13,0.16,-0.07,0.19,-0.28,9.80,303.88,1.12,1.63,-0.00,0.00,-0.00
50,-0.11,0.12,-0.05,0.19,-0.27,9.80,303.81,1.12,1.63,-0.00,0.00,-0.00
50,-0.13,0.11,-0.02,0.19,-0.27,9.80,303.75,1.06,1.56,-0.00,-0.00,0.00
50,-0.10,0.11,-0.05,0.18,-0.27,9.80,303.75,1.06,1.56,0.00,-0.00,0.00
50,-0.11,0.12,-0.03,0.18,-0.27,9.80,303.75,1.06,1.56,-0.00,-0.00,0.00
50,-0.11,0.12,-0.04,0.18,-0.26,9.80,303.69,1.06,1.56,0.00,0.00,0.00
50,-0.09,0.12,-0.04,0.18,-0.26,9.80,303.69,1.00,1.50,0.00,0.00,0.00
50,-0.12,0.11,-0.02,0.17,-0.26,9.80,303.69,1.00,1.50,0.00,-0.00,-0.00
50,-0.08,0.12,0.00,0.17,-0.25,9.80,303.69,1.00,1.50,0.00,-0.00,0.00
50,-0.10,0.10,-0.05,0.17,-0.25,9.80,303.69,1.00,1.50,0.00,-0.00,-0.00
50,-0.08,0.16,-0.03,0.17,-0.25,9.80,303.75,1.00,1.44,-0.00,0.00,-0.01
50,-0.08,0.12,-0.04,0.16,-0.25,9.80,303.81,0.94,1.44,-0.00,0.01,-0.03
50,-0.09,0.26,-0.03,0.16,-0.24,9.80,303.88,0.94,1.44,-0.00,0.00,-0.06
50,-0.12,-0.03,-0.02,0.16,-0.23,9.80,304.19,0.94,1.37,0.00,0.00,-0.14
51,-0.07,0.10,-0.04,0.16,-0.23,9.80,304.56,0.94,1.37,0.00,0.00,-0.14
50,-0.08,-0.02,-0.01,0.16,-0.23,9.80,305.00,0.94,1.31,0.00,0.00,-0.14
